# Surface area of S^d for d = 0..217
# Omega_d = 2 pi^((d+1)/2) / Gamma((d+1)/2)
# columns: d, Omega_d, log10(Omega_d)
  0  2.000000000000e+00  +0.301030
  1  6.283185307180e+00  +0.798180
  2  1.256637061436e+01  +1.099210
  3  1.973920880218e+01  +1.295330
  4  2.631894506957e+01  +1.420268
  5  3.100627668030e+01  +1.491450
  6  3.307336179232e+01  +1.519478
  7  3.246969701133e+01  +1.511478
  8  2.968658012465e+01  +1.472560
  9  2.550164039877e+01  +1.406568
 10  2.072514267329e+01  +1.316498
 11  1.602315322626e+01  +1.204748
 12  1.183817381218e+01  +1.073285
 13  8.389703410491e+00  +0.923747
 14  5.721649212350e+00  +0.757521
 15  3.765290085742e+00  +0.575798
 16  2.396678817591e+00  +0.379610
 17  1.478625959000e+00  +0.169858
 18  8.858104195717e-01  -0.052659
 19  5.161378278003e-01  -0.287234
 20  2.929321585894e-01  -0.533233
 21  1.621494808057e-01  -0.790084
 22  8.764509689760e-02  -1.057272
 23  4.630978342569e-02  -1.334327
 24  2.394306022058e-02  -1.620820
 25  1.212387294996e-02  -1.916359
 26  6.017547367474e-03  -2.220580
 27  2.929866937896e-03  -2.533152
 28  1.400346859429e-03  -2.853764
 29  6.574606034349e-04  -3.182130
 30  3.034013383489e-04  -3.517983
 31  1.376982267851e-04  -3.861072
 32  6.149441391265e-05  -4.211164
 33  2.703698360502e-05  -4.568042
 34  1.170850902938e-05  -4.931498
 35  4.996422886397e-06  -5.301341
 36  2.101906625783e-06  -5.677387
 37  8.720403018963e-07  -6.059463
 38  3.569369953562e-07  -6.447408
 39  1.441892318985e-07  -6.841067
 40  5.750516114900e-08  -7.240293
 41  2.264919158295e-08  -7.644947
 42  8.812575210205e-09  -8.054897
 43  3.388311137465e-09  -8.470017
 44  1.287698676260e-09  -8.890186
 45  4.838496989789e-10  -9.315290
 46  1.797966533945e-10  -9.745218
 47  6.608950694581e-11  -10.179867
 48  2.403607852953e-11  -10.619136
 49  8.651096229181e-12  -11.062929
 50  3.082104805285e-12  -11.511153
 51  1.087128814364e-12  -11.963719
 52  3.797144240737e-13  -12.420543
 53  1.313583037196e-13  -12.881542
 54  4.501539792951e-14  -13.346639
 55  1.528423266495e-14  -13.815756
 56  5.142547033955e-15  -14.288822
 57  1.714886894856e-15  -14.765765
 58  5.668697537759e-16  -15.246517
 59  1.857750369178e-16  -15.731013
 60  6.036860522049e-17  -16.219189
 61  1.945431637338e-17  -16.710984
 62  6.218149726825e-18  -17.206339
 63  1.971533464491e-18  -17.705196
 64  6.201553492290e-19  -18.207500
 65  1.935548452610e-19  -18.713196
 66  5.994693812992e-20  -19.222233
 67  1.842637817996e-20  -19.734560
 68  5.621757027885e-21  -20.250128
 69  1.702593362424e-21  -20.768889
 70  5.119208863499e-22  -21.290797
 71  1.528244228412e-22  -21.815807
 72  4.530272945848e-23  -22.343876
 73  1.333644678020e-23  -22.874960
 74  3.899252659022e-24  -23.409019
 75  1.132369817018e-24  -23.946012
 76  3.266630268820e-25  -24.485900
 77  9.361696574446e-26  -25.028645
 78  2.665564066109e-26  -25.574211
 79  7.541189021389e-27  -26.122560
 80  2.120029490572e-27  -26.673658
 81  5.922836007232e-28  -27.227470
 82  1.644510882216e-28  -27.783963
 83  4.538326363107e-29  -28.343104
 84  1.244911640077e-29  -28.904861
 85  3.394660181412e-30  -29.469204
 86  9.202365324315e-31  -30.036101
 87  2.480148717990e-31  -30.605522
 88  6.645996160579e-32  -31.177440
 89  1.770822043693e-32  -31.751825
 90  4.691912969407e-33  -32.328650
 91  1.236267005173e-33  -32.907888
 92  3.239577871642e-34  -33.489512
 93  8.443146394190e-35  -34.073496
 94  2.188695492964e-35  -34.659815
 95  5.643601422377e-36  -35.248444
 96  1.447576775082e-36  -35.839358
 97  3.693728493402e-37  -36.432535
 98  9.376693942486e-38  -37.027950
 99  2.368202101883e-38  -37.625581
100  5.951061172661e-39  -38.225406
101  1.487985265098e-39  -38.827401
102  3.702140606158e-40  -39.431547
103  9.165967798985e-41  -40.037822
104  2.258372374925e-41  -40.646204
105  5.537641750064e-42  -41.256675
106  1.351406868978e-42  -41.869214
107  3.282455592493e-43  -42.483801
108  7.935644657180e-44  -43.100418
109  1.909655254650e-44  -43.719045
110  4.574415221375e-45  -44.339664
111  1.090792530709e-45  -44.962258
112  2.589360225936e-46  -45.586808
113  6.119331787616e-47  -46.213296
114  1.439772577575e-47  -46.841706
115  3.372710138395e-48  -47.472021
116  7.866398178345e-49  -48.104224
117  1.826841619564e-49  -48.738299
118  4.224447645693e-50  -49.374230
119  9.727444425922e-51  -50.012001
120  2.230503141039e-51  -50.651597
121  5.093277991113e-52  -51.293003
122  1.158236740776e-52  -51.936203
123  2.623115527799e-53  -52.581183
124  5.916598432424e-54  -53.227928
125  1.329154914782e-54  -53.876424
126  2.974006747127e-55  -54.526658
127  6.628037009147e-56  -55.178615
128  1.471357125748e-56  -55.832282
129  3.253530058697e-57  -56.487645
130  7.166518972182e-58  -57.144692
131  1.572502481636e-58  -57.803409
132  3.437295168675e-59  -58.463783
133  7.485094309181e-60  -59.125803
134  1.623846804531e-60  -59.789455
135  3.509718998978e-61  -60.454728
136  7.557726209879e-62  -61.121609
137  1.621486385787e-62  -61.790087
138  3.466174764788e-63  -62.460150
139  7.382680749978e-64  -63.131786
140  1.566807075844e-64  -63.804984
141  3.313339372561e-65  -64.479734
142  6.981942693709e-66  -65.156024
143  1.466079243900e-66  -65.833843
144  3.067751031376e-67  -66.513180
145  6.396977475300e-68  -67.194025
146  1.329327462512e-68  -67.876368
147  2.752972252272e-69  -68.560198
148  5.681912095842e-70  -69.245505
149  1.168745595037e-70  -69.932280
150  2.396007154180e-71  -70.620512
151  4.895630100378e-72  -71.310191
152  9.969905262941e-73  -72.001309
153  2.023694152374e-73  -72.693855
154  4.094298187064e-74  -73.387821
155  8.256652834039e-75  -74.083196
156  1.659692529818e-75  -74.779972
157  3.325517934187e-76  -75.478141
158  6.642137399864e-77  -76.177692
159  1.322458571066e-77  -76.878618
160  2.624766045226e-78  -77.580909
161  5.193282664423e-79  -78.284558
162  1.024341083860e-79  -78.989555
163  2.014219588465e-80  -79.695893
164  3.948542851319e-81  -80.403563
165  7.716899343705e-82  -81.112557
166  1.503601601708e-82  -81.822867
167  2.920886058636e-83  -82.534485
168  5.657130234552e-84  -83.247404
169  1.092408831403e-84  -83.961615
170  2.103242459795e-85  -84.677111
171  4.037533599354e-86  -85.393884
172  7.728106503404e-87  -86.111927
173  1.474916964460e-87  -86.831232
174  2.806770244769e-88  -87.551793
175  5.325963563450e-89  -88.273602
176  1.007740432146e-89  -88.996651
177  1.901364545934e-90  -89.720935
178  3.577299365375e-91  -90.446445
179  6.711587516071e-92  -91.173175
180  1.255689095637e-92  -91.901118
181  2.342786003824e-93  -92.630267
182  4.358965345908e-94  -93.360617
183  8.087999229171e-95  -94.092159
184  1.496622241307e-95  -94.824888
185  2.761869452240e-96  -95.558797
186  5.083002636203e-97  -96.293880
187  9.329751377774e-98  -97.030130
188  1.707884891987e-98  -97.767541
189  3.118114722153e-99  -98.506108
190  5.677755163854e-100  -99.245823
191  1.031141716228e-100  -99.986682
192  1.867768995984e-101  -100.728677
193  3.374403375533e-102  -101.471803
194  6.080590006617e-103  -102.216054
195  1.092886686064e-103  -102.961425
196  1.959255066080e-104  -103.707909
197  3.503474269536e-105  -104.455501
198  6.248915047823e-106  -105.204195
199  1.111766568406e-106  -105.953986
200  1.973019659010e-107  -106.704869
201  3.492717683810e-108  -107.456837
202  6.167586135456e-109  -108.209885
203  1.086405565992e-109  -108.964008
204  1.908969782614e-110  -109.719201
205  3.346121318568e-111  -110.475458
206  5.850932141448e-112  -111.232775
207  1.020597102178e-112  -111.991146
208  1.775965742244e-113  -112.750565
209  3.082981113921e-114  -113.511029
210  5.339101367331e-115  -114.272532
211  9.224257922524e-116  -115.035069
212  1.589884514917e-116  -115.798634
213  2.733854804172e-117  -116.563225
214  4.689924424527e-118  -117.328834
215  8.026783335296e-119  -118.095458
216  1.370589034231e-119  -118.863093
217  2.334896625752e-120  -119.631732
