delta 3.5  K 536 / 867   T0 208.07  2T0 416.1
   d    small-K        large-K        K-agree   |m/P1-1|   |m/N-1|
   0       0.005624       0.005624   4.8e-06   2.36e-04   2.36e-04
  25      11.194428      11.194499   6.3e-06   3.08e-04   2.98e-04
  50      33.504207      33.504483   8.2e-06   4.02e-04   3.46e-04
  75      61.039176      61.039788   1.0e-05   4.90e-04   3.38e-04
 100      91.844104      91.845176   1.2e-05   5.71e-04   2.56e-04
 125     124.943896     124.945542   1.3e-05   6.46e-04   8.76e-05
 150     159.755349     159.757673   1.5e-05   7.16e-04   1.78e-04
 175     195.892903     195.895999   1.6e-05   7.80e-04   5.51e-04
 200     233.085025     233.088973   1.7e-05   8.39e-04   1.04e-03
 225     271.132055     271.136922   1.8e-05   8.93e-04   1.65e-03
 250     309.882533     309.888374   1.9e-05   9.42e-04   2.39e-03
 275     349.218847     349.225704   2.0e-05   9.87e-04   3.26e-03
 300     389.047979     389.055883   2.0e-05   1.03e-03   4.27e-03
 325     429.295281     429.304251   2.1e-05   1.06e-03   5.42e-03
 350     469.900113     469.910158   2.1e-05   1.10e-03   6.71e-03
 375     510.812705     510.823825   2.2e-05   1.13e-03   8.14e-03
 400     551.991844     552.004032   2.2e-05   1.15e-03   9.71e-03
 425     593.403137     593.416375   2.2e-05   1.18e-03   1.14e-02
 450     635.017674     635.031942   2.2e-05   1.20e-03   1.33e-02
 475     676.811004     676.826274   2.3e-05   1.21e-03   1.53e-02
 500     718.762324     718.778563   2.3e-05   1.23e-03   1.74e-02
validity (bases agree <= 1e-3): yes
(A) P1 within 3e-3 for all valid d <= 500: PASS
(B) Gaussian null off by > 3e-3 for all valid 300 <= d <= 500: PASS (null fails)
(C) residual coefficient c = 3.858e-06 vs 0.0058 e^(-2 delta) = 5.289e-06 (ratio 0.729): PASS
