1 14.1347251417346946
2 21.0220396387715560
3 25.0108575801456894
4 30.4248761258595124
5 32.9350615877391917
6 37.5861781588256747
7 40.9187190121474984
8 43.3270732809150019
9 48.0051508811671610
10 49.7738324776723005
11 52.9703214777144638
12 56.4462476970633915
13 59.3470440026023525
14 60.8317785246098097
15 65.1125440480816025
16 67.0798105294941678
17 69.5464017111739849
18 72.0671576744819049
19 75.7046906990839261
20 77.1448400688747995
21 79.3373750202493682
22 82.9103808540860285
23 84.7354929805170514
24 87.4252746131252252
25 88.8091112076344587
26 92.4918992705584913
27 94.6513440405198878
28 95.8706342282453079
29 98.8311942181936871
30 101.3178510057313844
31 103.7255380404783409
32 105.4466230523260890
33 107.1686111842764006
34 111.0295355431696720
35 111.8746591769926368
36 114.3202209154527083
37 116.2266803208575539
38 118.7907828659762117
39 121.3701250024206502
40 122.9468292935525824
41 124.2568185543457702
42 127.5166838795964992
43 129.5787041999560643
44 131.0876885309326667
45 133.4977372029975982
46 134.7565097533738765
47 138.1160420545334375
48 139.7362089521213875
49 141.1237074040211326
50 143.1118458076206252
51 146.0009824867655084
52 147.4227653425596145
53 150.0535204207848778
54 150.9252576122414666
55 153.0246938111988868
56 156.1129092942378804
57 157.5975918175940649
58 158.8499881714205060
59 161.1889641375960309
60 163.0307096871819965
61 165.5370691879004141
62 167.1844399781745096
63 169.0945154155688215
64 169.9119764794116918
65 173.4115365195915501
66 174.7541915233657335
67 176.4414342977104297
68 178.3774077760999717
69 179.9164840202570019
70 182.2070784843664626
71 184.8744678483874964
72 185.5987836777074733
73 187.2289225835018556
74 189.4161586560169326
75 192.0266563607137869
76 193.0797266038456996
77 195.2653966795292320
78 196.8764818409583199
79 198.0153096762519169
80 201.2647519437038000
81 202.4935945141405398
82 204.1896718031045452
83 205.3946972021632860
84 207.9062588878062172
85 209.5765097168562647
86 211.6908625953653029
87 213.3479193597126766
88 214.5470447834914296
89 216.1695385082637131
90 219.0675963490213860
91 220.7149188393140093
92 221.4307055546933327
93 224.0070002546043213
94 224.9833246695822879
95 227.4214442796792923
96 229.3374133055253594
97 231.2501887004991659
98 231.9872352531802449
99 233.6934041789083096
100 236.5242296658161933
101 237.7698204809252047
102 239.5554775733276358
103 241.0491577962165763
104 242.8232719342225892
105 244.0708984970781614
106 247.1369900748975112
107 248.1019900601484665
108 249.5736896447072013
109 251.0149477950160133
110 253.0699867479994793
111 255.3062564549140347
112 256.3807136944344620
113 258.6104394915313947
114 259.8744069896779934
115 260.8050845045968913
116 263.5738939048701468
117 265.5578518388763314
118 266.6149737815010781
119 267.9219150828240572
120 269.9704490239976167
121 271.4940556416449908
122 273.4596091884033058
123 275.5874926493438579
124 276.4520495031329119
125 278.2507435298419409
126 279.2292509277451700
127 282.4651147650520784
128 283.2111857332338900
129 284.8359639809047508
130 286.6674453630029120
131 287.9119205014221734
132 289.5798549292188113
133 291.8462913290674123
134 293.5584341393562795
135 294.9653696192655161
136 295.5732548789582665
137 297.9792770619434350
138 299.8403260537212986
139 301.6493254621941560
140 302.6967495896068954
141 304.8643713408573035
142 305.7289126020368144
143 307.2194961281700785
144 310.1094631467018985
145 311.1651415303559816
146 312.4278011806009090
147 313.9852857311589105
148 315.4756160894757500
149 317.7348059423702011
150 318.8531042563166125
151 321.1601343091135732
152 322.1445586724829582
153 323.4669695575120727
154 324.8628660517396156
155 327.4439012619054665
156 329.0330716804809299
157 329.9532397282338820
158 331.4744675826634079
159 333.6453785248698409
160 334.2113548332443997
161 336.8418504283906714
162 338.3399928508065955
163 339.8582167253635475
164 341.0422611110465709
165 342.0548775103636103
166 344.6617029402523258
167 346.3478705660099308
168 347.2726775844204781
169 349.3162608706961691
170 350.4084193491921155
171 351.8786490253592660
172 353.4889004887187980
173 356.0175749772649283
174 357.1513022520396134
175 357.9526851016322553
176 359.7437549531144327
177 361.2893616958046437
178 363.3313305789738479
179 364.7360241140889912
180 366.2127102883313228
181 367.9935754817403222
182 368.9684380957343706
183 370.0509192121060096
184 373.0619283721128454
185 373.8648739109085568
186 375.8259127667393500
187 376.3240922306680432
188 378.4366802499654909
189 379.8729753465323711
190 381.4844686171865078
191 383.4435294495364701
192 384.9561168148636625
193 385.8613008459742559
194 387.2228902223880027
195 388.8461283542322349
196 391.4560835636380602
197 392.2450833395191125
198 393.4277438444340191
199 395.5828700109937017
200 396.3818542225922101
201 397.9187362096142238
202 399.9851198761949149
203 401.8392286005332039
204 402.8619177638861402
205 404.2364418002080129
206 405.1343874599099308
207 407.5814603868961967
208 408.9472455023511088
209 410.5138691933666450
210 411.9722678042787720
211 413.2627360701850421
212 415.0188097551551323
213 415.4552149962946146
214 418.3877057895347775
215 419.8613648181523104
216 420.6438276250418085
217 422.0767100588267340
218 423.7165796274817922
219 425.0698824944613534
220 427.2088250840745900
221 428.1279140766166620
222 430.3287454309386248
223 431.3013069307036176
224 432.1386417345885889
225 433.8892184809272408
226 436.1610064326469569
227 437.5816981676686055
228 438.6217386562722140
229 439.9184422143706570
230 441.6831992011890407
231 442.9045463026094467
232 444.3193362775591595
233 446.8606226964295161
234 447.4417041944932976
235 449.1485456850232936
236 450.1269457803135197
237 451.4033084453888023
238 453.9867378066779224
239 454.9746837686167851
240 456.3284266892460437
241 457.9038930641029879
242 459.5134152811060062
243 460.0879444221758376
244 462.0653672748825329
245 464.0572869105482710
246 465.6715392113711118
247 466.5702869308262279
248 467.4390462102616652
249 469.5360045591120297
250 470.7736554781016594
251 472.7991746619088076
252 473.8352323451396728
253 475.6003393693757744
254 476.7690152374844956
255 478.0752637666709575
256 478.9421815346348126
257 481.8303393762865880
258 482.8347827909823877
259 483.8514272124825197
260 485.5391481293560219
261 486.5287182616512496
262 488.3805670900174505
263 489.6617615779561561
264 491.3988215936630013
265 493.3144415817852746
266 493.9579978053694731
267 495.3588288221312723
268 496.4296962157591224
269 498.5807824296865647
270 500.3090849416905144
271 501.6044469651454847
272 502.2762703271182545
273 504.4997733134277382
274 505.4152317422444298
275 506.4641527095235460
276 508.8007003364677985
277 510.2642279436728359
278 511.5622897003746061
279 512.6231445314074335
280 513.6689855554736823
281 515.4350571672994192
282 517.5896685724674171
283 518.2342231475500967
284 520.1063104117232569
285 521.5251934494920079
286 522.4566961777302367
287 523.9605308920158677
288 525.0773856872796159
289 527.9036416012723976
290 528.4062138522926944
291 529.8062263187068766
292 530.8669178839610368
293 532.6881830282936789
294 533.7796307537687426
295 535.6643140758732216
296 537.0697590831223351
297 538.4285261762479422
298 540.2131663762281732
299 540.6313902472951440
300 541.8474371212013239
301 544.3238901010053041
302 545.6368332489348631
303 547.0109120581222442
304 547.9316133644892943
305 549.4975675626614020
306 550.9700100394838955
307 552.0495722005648531
308 553.7649721191588696
309 555.7920205616825342
310 556.8994764068553422
311 557.5646591720585548
312 559.3162370286821670
313 560.2408074972956911
314 562.5592076160457964
315 564.1608791107861407
316 564.5060559381498706
317 566.6987876828079607
318 567.7317579011769340
319 568.9239551796293881
320 570.0511147824636282
321 572.4199841324527824
322 573.6146105267581561
323 575.0938860144948421
324 575.8072471409287800
325 577.0390034720982158
326 579.0988346720365598
327 580.1369593623845731
328 581.9465762659016264
329 583.2360882191672999
330 584.5617059034655085
331 585.9845632049882624
332 586.7427718912501859
333 588.1396632662479078
334 590.6603975167653289
335 591.7258580650481008
336 592.5713583002255973
337 593.9747146822310242
338 595.7281536973889615
339 596.3627683283937131
340 598.4930773461647959
341 599.5456403643648855
342 601.6021367359326177
343 602.5791678863873813
344 603.6256189035791522
345 604.6162184937531947
346 606.3834604221090103
347 608.4132173111872817
348 609.3895751547200916
349 610.8391629377393883
350 611.7742096208871772
351 613.5997786756371397
352 614.6462378722326321
353 615.5385633694070293
354 618.1128313664423786
355 619.1844825979536608
356 620.2728936722274966
357 621.7092945279486003
358 622.3750027397790063
359 624.2699000181778501
360 626.0192834276543863
361 627.2683968507830059
362 628.3258623594604160
363 630.4738874382920812
364 630.8057809271975884
365 632.2251411671159076
366 633.5468582522518091
367 635.5238003106054521
368 637.3971931598373430
369 637.9255139808225294
370 638.9279382668568132
371 640.6947946688256934
372 641.9454996657052561
373 643.2788837813978944
374 644.9905782297480528
375 646.3481915955015893
376 647.7617530042888347
377 648.7864008887823957
378 650.1975193452564099
379 650.6686838913959718
380 653.6495716053947262
381 654.3019205863193974
382 655.7094630223556351
383 656.9640845994606480
384 658.1756144186053916
385 659.6638459729640545
386 660.7167325952792680
387 662.2965864311004225
388 664.2446046522729830
389 665.3427630955990253
390 666.5151477041729322
391 667.1484948945554834
392 668.9758488202351145
393 670.3235852058626278
394 672.4581835841697739
395 673.0435782861476355
396 674.3558978101232242
397 676.1396743636267956
398 677.2301806687639782
399 677.8004447462213875
400 679.7421978825282167
401 681.8949915331519378
402 682.6027350197505257
403 684.0135498138695311
404 684.9726298620984153
405 686.1632235877279982
406 687.9615431847036007
407 689.3689413622723805
408 690.4747350323503952
409 692.4516844155208446
410 693.1769700606017750
411 694.5339086998731091
412 695.7263359209267719
413 696.6260699003456693
414 699.1320954760135464
415 700.2967391321434434
416 701.3017429546461017
417 702.2273431457605284
418 704.0338392955253539
419 705.1258139546192751
420 706.1846547995179435
421 708.2690708851099544
422 709.2295885702842497
423 711.1302741796854434
424 711.9002899143753211
425 712.7493834701012929
426 714.0827718206694499
427 716.1123964540521456
428 717.4825697031002392
429 718.7427865454858420
430 719.6971009883657189
431 721.3511622185363876
432 722.2775049756742192
433 723.8458210451284458
434 724.5626138903791116
435 727.0564032300493409
436 728.4054815889340944
437 728.7587497956142215
438 730.4164821227564062
439 731.4173549185985621
440 732.8180527144997995
441 734.7896432523780277
442 735.7654592085783634
443 737.0529289122653154
444 738.5804211713738141
445 739.9095236740419068
446 740.5738074472950530
447 741.7573355729416562
448 743.8950131424736583
449 745.3449895506118992
450 746.4993058994323292
451 747.6745636242695809
452 748.2427544650845448
453 750.6559503621242584
454 750.9663810666507970
455 752.8876215672023591
456 754.3223704717127021
457 755.8393089760378416
458 756.7682484399509804
459 758.1017292464125603
460 758.9002382248924050
461 760.2823669835120199
462 762.7000332496910460
463 763.5930661728372115
464 764.3075227241802168
465 766.0875400998362466
466 767.2184721555395299
467 768.2814618065092418
468 769.6934072526244108
469 771.0708393136783343
470 772.9616175657570238
471 774.1177446279405103
472 775.0478470965805400
473 775.9997119631714213
474 777.2997485295925344
475 779.1570769491889905
476 780.3489250041816376
477 782.1376643908121196
478 782.5979439460735421
479 784.2888226124655375
480 785.7390897007149988
481 786.4611474505062461
482 787.4684638159100132
483 790.0590923641195786
484 790.8316204679210841
485 792.4277076086045781
486 792.8886525626226103
487 794.4837918698931389
488 795.6065961561623681
489 797.2634700380356207
490 798.7075701662962501
491 799.6543362108976680
492 801.6042464629820188
493 802.5419848784181340
494 803.2430962042701594
495 804.7622391126617458
496 805.8616356670947880
497 808.1518149359937979
498 809.1977833633006867
499 810.0818048864070988
500 811.1843588465062567
501 812.7711083891093722
502 814.0459136075110109
503 814.8705396258725386
504 816.7277377143947206
505 818.3806688663617024
506 819.2046421708238313
507 820.7218984438692360
508 821.7134541333794004
509 822.1977574934043105
510 824.5262938716297185
511 826.0392873765744071
512 826.9058109540807209
513 828.3401743004899345
514 829.4370109683093233
515 830.8958840533174453
516 831.7997776590706280
517 833.0036409091542282
518 834.6519151478255480
519 836.6935761875918161
520 837.3473350595314741
521 838.2490219927321959
522 839.4653948102824188
523 841.0363898290133875
524 842.0413542065264210
525 844.1661966073507983
526 844.8059939757637267
527 846.1947699276939829
528 847.9717176395120077
529 848.4892811809435216
530 849.8622743486978379
531 850.6454484660040407
532 853.1631125833891929
533 854.0955117198690232
534 855.2867102444049578
535 856.4841174907916184
536 857.3107406026038007
537 858.9040264664756705
538 860.4106708960147216
539 861.1710982127153784
540 863.1897197719089263
541 864.3408239300695186
542 865.5946643265159537
543 866.4237399040426908
544 867.6931226117850429
545 868.6704942291315774
546 870.8469023257540584
547 872.1887508216132119
548 873.0989789712820084
549 873.9083892353374949
550 875.9852851087803174
551 876.6008258330274430
552 877.6546983410335088
553 879.3809519697909991
554 880.8346488479394338
555 882.3866966271964429
556 883.4303318387015906
557 884.1987431145947767
558 885.2723044796171052
559 886.8528019629162600
560 888.4755666738171840
561 889.7352942940907496
562 890.8131321125280238
563 892.3864332601558544
564 893.1191175672942109
565 894.8862923208687334
566 895.3979196747829974
567 896.6322515562027320
568 899.2215226683833862
569 899.8588846079375116
570 900.8497398605213675
571 902.2432075867523054
572 903.0996744426304303
573 904.7029027222813511
574 905.8299407582221647
575 907.6567294689675691
576 908.3335436450608995
577 910.1863340571798062
578 911.2349514859555484
579 912.3310456000356226
580 912.8239992467433694
581 914.7300969583756114
582 916.3550008086427852
583 917.8253775704267809
584 918.8365352435290561
585 919.4483444396822733
586 921.1563955071547980
587 922.5006293066368244
588 923.2857198024222498
589 924.7734839334766548
590 926.5515527846030182
591 927.8508589857535753
592 928.6636593289348411
593 929.8740928506477985
594 931.0092113366280273
595 931.8527407455201228
596 934.3853068372584403
597 934.9954248638464378
598 936.2286493792829560
599 937.5329257119703925
600 939.0243008992183604
601 939.6609406145281582
602 941.1569996420423649
603 942.0523416433754846
604 944.1880358095727388
605 945.3335625030459823
606 946.7658422047278464
607 947.0791830962548374
608 948.3466462550450160
609 950.1516126846438510
610 951.0332487338234841
611 952.7279886198506347
612 954.1297192695514013
613 954.8293089382166272
614 956.6754793432897941
615 957.5100525964237477
616 958.4145933901361332
617 959.4591688070680675
618 961.6695724741927052
619 963.1820866713114810
620 963.5670401916122501
621 965.0555796237511004
622 966.1107548184102143
623 967.3711537662628643
624 968.6363019060872830
625 970.1256105569411829
626 971.0714914863857530
627 973.1853612943011740
628 973.8730789926536318
629 974.7746350658374013
630 976.1785024205896661
631 976.9172021170505786
632 978.7666715351130051
633 980.5780006397744728
634 981.2886153017590232
635 982.3964851687790087
636 983.5750760064313454
637 985.1869286557733858
638 986.1305151101845468
639 986.7560084076560543
640 988.9926223706573865
641 990.2239178040280194
642 991.3742941477614750
643 992.7286963367326962
644 993.2145809574429904
645 994.4045905710944453
646 996.2053361642982736
647 997.5119347519391795
648 998.8275471369296383
649 999.7915715574129081
650 1001.3494826377827849
651 1002.4043054883917421
652 1003.2678081794532545
653 1004.6750441211728457
654 1005.5434203043784009
655 1008.0067043070636146
656 1008.7957099007422812
657 1009.8065907469646163
658 1010.5697570110610286
659 1012.4100425157615746
660 1013.0586380984090056
661 1014.6896326223703682
662 1016.0601789426473260
663 1017.2664023643553719
664 1018.6055725186201926
665 1019.9124397439439917
666 1020.9174750172636550
667 1021.5443444999046960
668 1022.8852709117163613
669 1025.2657241977276499
670 1025.7079443714628724
671 1027.4676935155878255
672 1028.1289642554975217
673 1029.2272974439613336
674 1030.8973687905966017
675 1031.8331802974078073
676 1032.8128830351588476
677 1034.6129155295207056
678 1036.1959173580546576
679 1037.0247076462817404
680 1038.0877522406187836
681 1039.0774014368967073
682 1040.2640379376957753
683 1041.6215280145422639
684 1043.6239543496214992
685 1044.5149758290788213
686 1045.1070423529779418
687 1047.0898174842948265
688 1047.9871474896003747
689 1048.9537851946859064
690 1049.9962842565932988
691 1051.5765718432051017
692 1053.2457851583858428
693 1054.7810394782814001
694 1055.0021464756857767
695 1056.6888473638282449
696 1057.1000436596177678
697 1059.1337691068970344
698 1060.1395185616079289
699 1061.5013044650684151
700 1062.9153815078805110
701 1064.0715510717184316
702 1065.1218551062929691
703 1066.4632234692430757
704 1067.4188601209646095
705 1067.9900000790426020
706 1070.5350419968292499
707 1071.6186232150894284
708 1072.5439980111216300
709 1073.5703531650938203
710 1074.7477710443110936
711 1076.2666255941774125
712 1076.9240560657544847
713 1078.6471984809563764
714 1079.8099654292591367
715 1081.1710023434677623
716 1082.9527497230697008
717 1083.2954665140855468
718 1084.1832643104301042
719 1085.6478312086394453
720 1086.9119989898251788
721 1088.7557246748087891
722 1089.7953379240748291
723 1090.8631910262488418
724 1091.7284729669368062
725 1093.4408732723686626
726 1094.2844575237540994
727 1095.4330847586613800
728 1096.4019177947425305
729 1098.8410154666498784
730 1099.3606671785717026
731 1100.5744606224625386
732 1101.8391111687560624
733 1102.5517798999176193
734 1103.7322971745468294
735 1105.6171888307619611
736 1106.7743716758327537
737 1107.7745319550101613
738 1109.1589188567663768
739 1110.4441429936132408
740 1111.4435047648998989
741 1112.4329954080765219
742 1113.3975951148020158
743 1115.0653594615666862
744 1116.7872538812146104
745 1117.9659196691995930
746 1118.6841348610184923
747 1119.4732474261788866
748 1121.1559376758104918
749 1122.4586213568804851
750 1123.1011173878091540
751 1125.3147293978465768
752 1125.7634424292525637
753 1127.6580235272156187
754 1128.4302246138927330
755 1129.7289967770655039
756 1130.3915978962315876
757 1131.4950855619169943
758 1133.7086256694562962
759 1134.8856545915332390
760 1135.5622139754775617
761 1136.9292934809695907
762 1138.1515897798055903
763 1138.9923418204937207
764 1140.7218481719032752
765 1141.2610229641368278
766 1142.8586596078564526
767 1144.7822995186254502
768 1145.4853275171171845
769 1146.5768149248669943
770 1147.5017765233192222
771 1148.6152772088339589
772 1149.9826010281071831
773 1151.5628147236732275
774 1152.9431285305897745
775 1153.8903037162713190
776 1154.6975195353822983
777 1156.6215678338726320
778 1157.4323145756109170
779 1158.0016090272949896
780 1159.4806570190223738
781 1161.3966446343781627
782 1162.4875286020053409
783 1163.7010316827786482
784 1164.7375863512277192
785 1165.2712277064576938
786 1166.9436134095287798
787 1168.0862716101387377
788 1169.6983568848850155
789 1170.4636385782837351
790 1172.1206818656955875
791 1173.3056877640483435
792 1174.2327668564562373
793 1175.2154523959507060
794 1176.6328758097884020
795 1177.1063044216562048
796 1179.7012235019340096
797 1180.6535437870843452
798 1181.2673181516800014
799 1182.5822703469204953
800 1183.7127752959743248
801 1185.1558428474656921
802 1185.8753586953566810
803 1187.3451614932673692
804 1188.8564442982292348
805 1189.9636364979185146
806 1191.4826059264134983
807 1192.2186114781015931
808 1193.3240214274551363
809 1193.8574271354370921
810 1196.0346717486711441
811 1197.0717866588220204
812 1198.6865691046305074
813 1199.3565137078940097
814 1200.5326920312199945
815 1201.8103348566060049
816 1203.1373508614253751
817 1203.8552475940969089
818 1204.9854921714663760
819 1206.8704997938530141
820 1208.4714599495309812
821 1208.9894841679390538
822 1209.8980300875459761
823 1211.4161158927981887
824 1212.1131530663196827
825 1213.5983726803681293
826 1215.3899750650457463
827 1216.1837220334673475
828 1217.1744824977388362
829 1219.0500281774061477
830 1219.6144713108585620
831 1220.8163476909780911
832 1221.6922424831436729
833 1222.9524840951082751
834 1225.0183300241685629
835 1225.8550207607956963
836 1227.2318276414910088
837 1227.9171416143999522
838 1228.7931543629811131
839 1230.5846031542491801
840 1231.5622738776453389
841 1232.5295870405977894
842 1234.2778166534317279
843 1235.5025485265209682
844 1236.3990174657790249
845 1237.9772985135812178
846 1238.4572327956618665
847 1239.4908071467957598
848 1240.8134717852162794
849 1243.0780763980210395
850 1243.5381465261143603
851 1244.8514339669839046
852 1245.6558661881479111
853 1247.3725619698557239
854 1248.0630610532082301
855 1249.1598879530029080
856 1250.6723972756781222
857 1251.6598320042712658
858 1253.6735778521072007
859 1254.4313284217735145
860 1255.4082306452908142
861 1256.1812141984607933
862 1257.5412194126440681
863 1258.7792334885950822
864 1260.3445483161854099
865 1261.6117171614798735
866 1262.5566140003561486
867 1263.6767328438618279
868 1264.9572230069998113
869 1266.1790377605620961
870 1267.2003456118454778
871 1267.5705717794401153
872 1270.1189218864926715
873 1271.1342996316100198
874 1272.0839595993329567
875 1273.2611446334558423
876 1274.1962208894804007
877 1275.0920303158404749
878 1276.8421715555698484
879 1277.7630919863468080
880 1279.3328433167082494
881 1280.1557944090229739
882 1281.8287269596999067
883 1283.0004913866996503
884 1283.3350321388793418
885 1284.8547951546215700
886 1285.6950233311386000
887 1287.4100266170753457
888 1289.1653515327730020
889 1290.1047715198074002
890 1290.4177080730426042
891 1291.9458709680832271
892 1293.4939815574175555
893 1294.1184743778483153
894 1295.3653635053583457
895 1296.8011109923472759
896 1298.2565270678894649
897 1299.4051712507439333
898 1300.4900189824477366
899 1301.4955166805750650
900 1302.3467423792469617
901 1303.2732002287941668
902 1305.4016721880043406
903 1306.5083933129687921
904 1307.2672421078025309
905 1308.9881965176434733
906 1309.4215324932558815
907 1311.0565705111118859
908 1311.9669406080492990
909 1313.0315993690196592
910 1314.0525656517261268
911 1316.2121126028539493
912 1317.0729860348299098
913 1318.1712791321649547
914 1318.9478805965663923
915 1319.9310828775364826
916 1321.6281385519123432
917 1322.2580671233911289
918 1324.2249787188443406
919 1325.2376243589824298
920 1325.9819696304462013
921 1327.6352811084575478
922 1329.0435179965186308
923 1329.2050187854836167
924 1330.4299371204592717
925 1331.8275913852851318
926 1333.6735226102848628
927 1334.7473290516898032
928 1335.6949745260021700
929 1336.6901846533858134
930 1337.6887918096699650
931 1338.9231645986703825
932 1340.4264004573001330
933 1341.1662722529263192
934 1342.6085078837768378
935 1344.1560440035957527
936 1345.4771062613986032
937 1345.7314132554183743
938 1347.5194717508998110
939 1348.0172380187364070
940 1349.0851940140476017
941 1351.2962063740967551
942 1352.2104651591755555
943 1353.4833383582645183
944 1353.8867819716963368
945 1355.6805953206364848
946 1356.6056557098079338
947 1357.7717428285793630
948 1358.4601603991591219
949 1360.3931447621912412
950 1361.3930747136396349
951 1363.0223286032808119
952 1363.8791907971344699
953 1364.5765848967539569
954 1365.4937335512952359
955 1367.1040909700082011
956 1368.3301933079858372
957 1369.6869490773428879
958 1370.9735227677836065
959 1371.6865535528274904
960 1373.2029145623732802
961 1374.1547986586406296
962 1375.3023923447487959
963 1376.1617799936193478
964 1377.1776336421046381
965 1379.6832830286130047
966 1380.1485784416925071
967 1381.0739771492055752
968 1382.3456629784736833
969 1383.2975910079464938
970 1384.4444158477601832
971 1385.6637770111926784
972 1387.3266476634894389
973 1387.9214541271128383
974 1389.5658317983939014
975 1390.7054902864276755
976 1391.8532004432697704
977 1392.6440277885485557
978 1393.4334017407936699
979 1394.8841846756804443
980 1396.5441631236824378
981 1397.8346233213871983
982 1398.8376752013857640
983 1399.8394729412063953
984 1400.4269462973943519
985 1402.5643472500660209
986 1402.9737476409191004
987 1404.0062921705227836
988 1405.6669750592468517
989 1407.0851427764364416
990 1408.1363074961896018
991 1409.3206810798390052
992 1410.0248107258021264
993 1411.2570568157066191
994 1411.9656534617729449
995 1413.8431487885688966
996 1415.5857847954953286
997 1415.7815813032830192
998 1417.1028229338226083
999 1418.6969638524521997
1000 1419.4224809459956305
1001 1420.4165263237512136
1002 1421.8505671870486822
1003 1422.4613109875074315
1004 1424.4630456695790599
1005 1425.8734692449966133
1006 1426.6459796821200143
1007 1427.3656711094267848
1008 1428.5923058759788091
1009 1429.6504772761916229
1010 1431.2183136727517194
1011 1432.0497408933135830
1012 1433.8219407370652334
1013 1434.5849421682601132
1014 1435.6929073834191968
1015 1437.2267216238012679
1016 1438.0062848417223904
1017 1438.9495527468827731
1018 1439.6227930781640225
1019 1441.9609875048618051
1020 1442.9110595808967901
1021 1444.0419307063666565
1022 1445.0722784592010157
1023 1445.8300847797099777
1024 1447.2262270999758584
1025 1448.3238535157254319
1026 1449.4887712807312710
1027 1450.7735618582973984
1028 1451.8352979993933332
1029 1453.7375967571022102
1030 1454.2260112602261870
1031 1455.3120912398196651
1032 1456.1677976083872181
1033 1457.5390016684111743
1034 1458.3937773686873243
1035 1460.6882705354191785
1036 1461.2454433451598561
1037 1462.2661232657872006
1038 1463.2868911904274682
1039 1464.6969032978763607
1040 1465.8895576140853336
1041 1466.5056211078876913
1042 1467.7039895860709748
1043 1469.3476498782697490
1044 1470.9665891271649798
1045 1471.3887645271065594
1046 1473.0201323241856244
1047 1473.7456491857465153
1048 1474.2032215656988683
1049 1476.0921270382409602
1050 1477.4351911475000634
1051 1478.4413959734129094
1052 1479.7599187064899979
1053 1480.7668790179823191
1054 1481.9646842098022717
1055 1483.0329599580713875
1056 1484.1435808817554971
1057 1484.8178832312037230
1058 1486.1713490275571985
1059 1488.1163379762283512
1060 1489.2524669464301041
1061 1489.9708922046788757
1062 1490.6706938146032826
1063 1492.1800905440163660
1064 1493.3308354212701943
1065 1494.1553686136887791
1066 1495.7688329789416457
1067 1497.0655055717099913
1068 1497.7473609331211719
1069 1499.6408247466197281
1070 1500.3519515166030942
1071 1501.1193249221316819
1072 1502.3460632923990943
1073 1503.0909331266805111
1074 1505.2615296546719037
1075 1506.1529861381131923
1076 1507.4075051638303648
1077 1508.2530310295421714
1078 1509.2804193632232455
1079 1510.3917974464734471
1080 1511.9230054590020700
1081 1512.5897647054580375
1082 1513.5897655399187443
1083 1515.7083435868739798
1084 1516.4359897187584920
1085 1517.7198062541301624
1086 1518.4147914872537513
1087 1519.7410094939068586
1088 1520.2736222203561738
1089 1521.9019090654608135
1090 1523.4860471492588658
1091 1524.7248921606221757
1092 1525.2278372337918881
1093 1526.5523119103875160
1094 1528.0409304292975321
1095 1529.0344567287013433
1096 1529.3699753651944775
1097 1531.0207429702222726
1098 1532.2223269393921328
1099 1533.8869779132016902
1100 1535.0422774712067167
1101 1535.7695023952483098
1102 1536.6207018240297657
1103 1537.6510621679449287
1104 1539.3028548555832913
1105 1540.0302701395064560
1106 1541.7422487627889041
1107 1542.4965229227661894
1108 1544.1186700545201802
1109 1544.8346082275195386
1110 1546.0911977863133870
1111 1547.2975811214068926
1112 1547.8065638018574646
1113 1548.8713481787253841
1114 1551.2738453264046257
1115 1552.0068728376700165
1116 1552.7361053298038769
1117 1554.1565191096576655
1118 1554.9212851649917866
1119 1556.1629874975526491
1120 1557.3945070176905574
1121 1558.3391528523520719
1122 1559.7811543907102987
1123 1560.8764757778094463
1124 1562.4101531801943565
1125 1563.3854009584954383
1126 1564.1779404604317278
1127 1564.9157882622600937
1128 1566.2664156015514436
1129 1567.6234507172180201
1130 1569.0224778043741480
1131 1570.5092778669209110
1132 1571.0453814855382006
1133 1571.8453520880452743
1134 1573.8065633302715014
1135 1574.2309154298636713
1136 1575.6381549520165208
1137 1576.1613523634243847
1138 1578.1188269457827573
1139 1579.5140550677406281
1140 1580.3720816254715373
1141 1581.3635517730017455
1142 1582.3294869441472201
1143 1583.3946934354216864
1144 1584.2348480663761165
1145 1586.2932107503377210
1146 1587.0043421070411114
1147 1588.1634040289047789
1148 1589.3579459495576884
1149 1590.8359043213940822
1150 1591.2938843735723822
1151 1592.6371670392350097
1152 1593.5848081888618708
1153 1594.4426896556906286
1154 1596.4844924096546492
1155 1597.7158959444232096
1156 1598.4207985496705078
1157 1599.6193489504628360
1158 1600.0480449034073445
1159 1601.9119462285821101
1160 1602.8154047937266569
1161 1603.6552029961239896
1162 1605.5216466466233669
1163 1606.2934181265741245
1164 1607.5569052119828939
1165 1608.8362953050100259
1166 1610.0032641900379531
1167 1610.2538231625744629
1168 1611.4371412695547860
1169 1613.0788554510274935
1170 1614.7106278521614513
1171 1615.5746087189720583
1172 1616.3983948415836949
1173 1617.7346848409852100
1174 1618.5375178319775387
1175 1619.9525012611288730
1176 1620.7743108213885534
1177 1622.0987516980228520
1178 1622.9777676994756348
1179 1625.0218566579628714
1180 1625.9870201636210822
1181 1626.3999193116355855
1182 1627.7554412763156506
1183 1628.7153168567631383
1184 1629.6586689549478706
1185 1631.1948145515157194
1186 1632.7981835707087157
1187 1633.5125168897372987
1188 1634.5168226620671703
1189 1635.7183663262137543
1190 1637.0891901733709801
1191 1637.9946435860126712
1192 1638.5996583042137900
1193 1639.8212357298302777
1194 1641.8998190085046645
1195 1642.4897798223780683
1196 1644.1520659597376834
1197 1644.7137457746678137
1198 1645.5737603627660519
1199 1646.6248665931789219
1200 1648.2705982225315893
1201 1649.1185354092401667
1202 1650.4169889830484408
1203 1651.7326933413960433
1204 1652.6710658996012171
1205 1654.2058967593711714
1206 1654.7266523933217286
1207 1655.8227756767716983
1208 1657.1142363997630582
1209 1657.5671011793215257
1210 1660.0199803379989589
1211 1660.8600568333008596
1212 1661.8368928840966419
1213 1662.3772025492801276
1214 1664.0572654181100916
1215 1664.9680044863650892
1216 1665.8776404144862227
1217 1667.2411250517113785
1218 1668.3682293274018775
1219 1669.6697284523991129
1220 1671.0471824333030781
1221 1671.9842593337261860
1222 1672.9633708307810593
1223 1673.6874453339053161
1224 1674.6484620970097694
1225 1676.3624863239504066
1226 1677.6912271415264968
1227 1678.6303680910637013
1228 1680.0779467168094925
1229 1680.5047701128471545
1230 1681.8123201742660058
1231 1683.2732892606668429
1232 1684.1716568370643472
1233 1684.5588632525373214
1234 1686.4211219478381736
1235 1688.0801426931766400
1236 1688.9338685097845882
1237 1689.7031542561796869
1238 1691.0515599168929839
1239 1691.5151928920352020
1240 1693.0530209301971354
1241 1694.0175646526079163
1242 1695.8325544741871909
1243 1696.6549974397855749
1244 1697.3425142865639828
1245 1699.2295471876429929
1246 1699.9668172668639272
1247 1700.8203032450062437
1248 1701.8255509970474577
1249 1702.9232497644904925
1250 1704.2914124266796989
1251 1706.2560324315604703
1252 1706.6156650350260406
1253 1707.9123124933244071
1254 1708.5121161784031756
1255 1709.7808422985804100
1256 1711.1376032585928897
1257 1712.1553976543223143
1258 1713.0553417275132233
1259 1714.7171452554946427
1260 1715.8252830398205333
1261 1716.7699837173950073
1262 1717.9744850661584223
1263 1718.9541524985836531
1264 1719.7244693218310658
1265 1720.4980709475864842
1266 1722.8446617399156366
1267 1723.5328226312599327
1268 1724.7339587376582131
1269 1725.6386280199737939
1270 1726.6057007398853784
1271 1728.1665067609653761
1272 1728.6444864803720520
1273 1730.0238725447791239
1274 1731.0141937618570864
1275 1732.4301698592569210
1276 1733.8408250214299642
1277 1735.1754660211011014
1278 1735.6247153428705587
1279 1736.3056627332380231
1280 1737.8938847869285382
1281 1738.7832375888160641
1282 1740.1691156801405214
1283 1741.7791678087271521
1284 1742.4676807207820275
1285 1743.4264368587216723
1286 1744.7215119376996881
1287 1746.0974985956327146
1288 1746.5954566271282147
1289 1747.7816955277523903
1290 1748.5639873810803238
1291 1750.8228184898391646
1292 1751.6177949462510242
1293 1752.5115111406660162
1294 1753.6613552431394965
1295 1754.7633698742529305
1296 1755.1696940681426895
1297 1757.0465184607230640
1298 1757.9840770328182771
1299 1759.2400856466817913
1300 1760.2151662427622796
1301 1761.8548999387280674
1302 1762.4976888706605678
1303 1763.7191214962870163
1304 1764.5914768490920324
1305 1765.4004939917838328
1306 1766.6762435994778571
1307 1768.2959711363414499
1308 1769.9409520516358043
1309 1770.2436773121974056
1310 1771.2129449835465493
1311 1772.3280003635913999
1312 1773.8949155107034130
1313 1774.6604309900235421
1314 1775.3419875737472466
1315 1777.2558602240580967
1316 1778.0417347622492343
1317 1779.5522708091789355
1318 1780.6652284929987218
1319 1781.3556377228196652
1320 1782.4390673200202855
1321 1783.0848295199464246
1322 1784.6079463966127605
1323 1786.3422011793425099
1324 1787.0492730868163562
1325 1788.2151234796328936
1326 1789.2421799636847481
1327 1790.4495623697835072
1328 1791.2544098187954660
1329 1792.6161027351981829
1330 1793.5253906524094418
1331 1794.1784820072555249
1332 1796.4651405374308979
1333 1797.3763356711367578
1334 1798.1470674580757532
1335 1799.2316472097375026
1336 1800.0247240197390965
1337 1801.3096369452880481
1338 1802.3012834914504765
1339 1803.7968438133659674
1340 1804.9041609748119299
1341 1806.2896670194977560
1342 1806.5783917509638741
1343 1808.7144318654748076
1344 1809.1192737882872734
1345 1810.1088929879858824
1346 1810.8737191588547830
1347 1812.4200770021054723
1348 1814.0241403476154574
1349 1814.9730823634959052
1350 1816.3386112196747035
1351 1816.7580233653509367
1352 1817.7106085633424755
1353 1819.2603340994883183
1354 1820.1878821868112936
1355 1821.3057083652038273
1356 1822.4276714403026745
1357 1823.7662658957733584
1358 1825.2136768930133712
1359 1825.9156836149284118
1360 1826.7954552714927559
1361 1828.2112704999731250
1362 1828.6210917580310706
1363 1829.8325297099397631
1364 1831.9363799018151440
1365 1832.9849402437314438
1366 1833.2732390327303165
1367 1834.7215597486085699
1368 1835.8837544376924598
1369 1836.8276725159576017
1370 1838.0869433056445814
1371 1838.6402887076508250
1372 1840.1955634733574243
1373 1841.4785825706433116
1374 1842.8759552786673339
1375 1843.7710577430691501
1376 1844.7590436500959186
1377 1845.4175341464244866
1378 1846.3532534205164666
1379 1848.3309806223837768
1380 1848.7227609108908837
1381 1850.6011840476514863
1382 1851.4003619945897299
1383 1852.3422047333863247
1384 1853.5193429209894020
1385 1854.8556321159867366
1386 1855.5929349370553609
1387 1856.3891791535238553
1388 1857.4980748148802832
1389 1859.4952715687943510
1390 1860.5413881093368218
1391 1861.3796715472328742
1392 1862.1214649289443059
1393 1863.4254648450964851
1394 1864.3539813357463117
1395 1865.3674337940578880
1396 1866.8365470186081438
1397 1868.0851909986092778
1398 1868.7067456844081335
1399 1870.4214717683107665
1400 1871.4160430984070445
1401 1872.4415664281928002
1402 1872.8656676379675901
1403 1874.5083614126601788
1404 1874.9137740100395604
1405 1877.0950641673398422
1406 1878.0222514827535178
1407 1879.1533030904613497
1408 1880.0823254189942872
1409 1880.6117664796568079
1410 1882.3219747973846552
1411 1883.4087242695184159
1412 1884.0057783496672528
1413 1885.1980751302580757
1414 1887.0538948068901846
1415 1887.8088414168321378
1416 1888.9381826365795405
1417 1890.3481286142446152
1418 1890.6121285879332845
1419 1891.6785105397286770
1420 1892.8677013357910255
1421 1894.5585375724297137
1422 1895.6971556535845593
1423 1896.5854943471688330
1424 1897.5136928597119095
1425 1898.8293728186795306
1426 1900.0061448291439774
1427 1900.5718842724147635
1428 1901.8913057506001678
1429 1902.8050592066799709
1430 1904.0893253233516589
1431 1906.1027561981818508
1432 1906.5976780037663048
1433 1907.3327801239099699
1434 1908.4330630450517674
1435 1909.4659300259822885
1436 1910.7336596158916109
1437 1911.7046909431721815
1438 1913.1824897758831412
1439 1914.3523000516740922
1440 1915.0546293333472931
1441 1916.6063718395193973
1442 1917.3447040415662741
1443 1918.7864989098568458
1444 1919.2077783978052139
1445 1919.9374573712173060
1446 1922.1016256219936622
1447 1923.2808379364173561
1448 1924.0558311014408446
1449 1925.2319879754065823
1450 1926.2115830798941261
1451 1926.8200927948714707
1452 1928.4175185495194000
1453 1929.4875601805765655
1454 1930.2583871803872171
1455 1931.7600694365246454
1456 1932.8757545499468051
1457 1934.4164363691518247
1458 1934.9079434343657340
1459 1935.9248488037455900
1460 1936.8730938142789455
1461 1937.9686334980199263
1462 1939.0500291505441055
1463 1940.9773267058599231
1464 1941.8228622157803329
1465 1942.6335686922461718
1466 1943.3679474492528243
1467 1945.1537963063678944
1468 1945.9227169494834015
1469 1946.6099453618774078
1470 1947.9170477377035695
1471 1949.0300300736064401
1472 1950.7432015528631837
1473 1951.5366958730548959
1474 1952.8501292118658057
1475 1953.4485563251357689
1476 1954.4185881752141540
1477 1955.3158092837184086
1478 1956.8481645782155738
1479 1958.3144035551204070
1480 1958.8518834631947811
1481 1960.4188452693817908
1482 1961.3592778800143606
1483 1962.2335718485796860
1484 1963.6211845732020720
1485 1964.3573909380957048
1486 1965.3778295051038185
1487 1966.1176585740745395
1488 1968.4716020194205157
1489 1969.0476175465278175
1490 1970.3050095170337954
1491 1970.8555475799460055
1492 1971.9703128048113285
1493 1973.1826634059386834
1494 1974.3472019101200203
1495 1975.0806103022669049
1496 1977.1739436980399205
1497 1977.2714461997466060
1498 1978.8014481677314507
1499 1980.3717722870512716
1500 1980.9100430910241357
1501 1981.7487688972635169
1502 1982.6632791952765729
1503 1983.9238046222606044
1504 1985.4165401745267445
1505 1986.7571077164152484
1506 1987.8734733607243470
1507 1988.2518768073557567
1508 1989.7020027080216096
1509 1990.4783525264269883
1510 1992.0017063935279111
1511 1992.7849878751576398
1512 1993.5774931382600244
1513 1995.1687396118884408
1514 1996.7961769661881135
1515 1997.3909140596115321
1516 1998.2790069259847314
1517 1999.5457641762675394
1518 2000.4345153024321462
1519 2000.9296206891845031
1520 2002.8964083743617266
1521 2004.1396692332700695
1522 2005.0778481240988640
1523 2005.9009348857857731
1524 2007.1251801703010642
1525 2008.4182403302622788
1526 2009.1766341229495083
1527 2010.1533247675592975
1528 2011.0207050736501060
1529 2012.5389354774217736
1530 2013.8720977139907973
1531 2015.1867286087062894
1532 2016.0296380323754875
1533 2016.8000756558458306
1534 2017.3867672519616008
1535 2019.2646002160640819
1536 2019.8843671397553408
1537 2021.1960427688927666
1538 2022.5456176846882954
1539 2023.5729117771006713
1540 2024.4882621579513398
1541 2025.8789062024816303
1542 2026.7382589121521050
1543 2027.5733170559974496
1544 2028.5824593540398837
1545 2029.3854795509666928
1546 2031.7505506906186383
1547 2032.4207808562864557
1548 2033.0178927456697693
1549 2034.5548287889562289
1550 2035.0774400963041444
1551 2036.5275264833703659
1552 2037.2171110943409076
1553 2038.8417382508678202
1554 2039.4432187401043848
1555 2040.8391196731381569
1556 2042.3445862506041522
1557 2043.2171165633239980
1558 2044.1215932916675229
1559 2045.0373208598148267
1560 2045.8027604315618646
1561 2047.0983363456070947
1562 2048.4540940661609056
1563 2049.8475256057158731
1564 2050.9060553846843504
1565 2051.7183881962564556
1566 2052.4077901924010803
1567 2054.0599168984858807
1568 2055.1802673261668133
1569 2055.5726028990488885
1570 2056.6208666898937736
1571 2058.4506511189060802
1572 2059.4480217437712781
1573 2060.8682472081081869
1574 2061.3670592020316690
1575 2062.5726509199785141
1576 2063.2835594983807823
1577 2064.3048676996340873
1578 2065.8326722819115275
1579 2066.9852293779854335
1580 2068.3456385273702836
1581 2068.6699410828127839
1582 2070.5047175934460029
1583 2071.3770831697584072
1584 2071.9904548147605965
1585 2073.3976037157685823
1586 2074.1710649021524659
1587 2075.0280655448323159
1588 2077.1175701368770206
1589 2078.1554846392141371
1590 2078.9392881148769447
1591 2079.5676284618930367
1592 2080.9103434575613392
1593 2081.7996865635773247
1594 2083.3002768588280560
1595 2083.7799925501672078
1596 2085.3898136922857702
1597 2086.5803185343816040
1598 2087.4733409878581369
1599 2088.7122811987323985
1600 2090.0362067570167710
1601 2090.4475500274156730
1602 2091.2215806611311564
1603 2092.4732181100716844
1604 2094.3359174686320330
1605 2095.1382566602947009
1606 2096.3465299792524092
1607 2097.3716063571928316
1608 2097.9519221998871217
1609 2099.3116512650613004
1610 2100.5937452368611957
1611 2101.1354894591086122
1612 2102.5351002152979163
1613 2103.3904548087139119
1614 2105.3722065918000226
1615 2105.9947043392862724
1616 2107.1723624324431512
1617 2107.6179114075143843
1618 2108.9383848890151967
1619 2109.9631431812676965
1620 2110.8223718481317519
1621 2112.9070875231909667
1622 2113.4839664484306923
1623 2114.3961373258898675
1624 2115.5066027946841132
1625 2116.9000560683948606
1626 2117.7223994413629953
1627 2118.6186462170294362
1628 2119.4564284689390661
1629 2120.6915625918441037
1630 2122.4651511749284509
1631 2123.3440423034626292
1632 2124.3703687375686968
1633 2125.5124000291521043
1634 2125.9587848403734824
1635 2126.9757111925578101
1636 2128.7522905542627996
1637 2129.4060802283283920
1638 2130.5551022832360104
1639 2132.0806209929428405
1640 2132.7985164678839283
1641 2134.1549339850380420
1642 2134.9507725043158644
1643 2136.0868975247030903
1644 2136.9674705484717379
1645 2137.5099405259111336
1646 2139.3807599852011663
1647 2140.9493626390972167
1648 2141.7100359603900870
1649 2142.3550431960352398
1650 2143.3744441805379211
1651 2144.8953374313605309
1652 2145.5057537341808711
1653 2146.6258944755113589
1654 2147.7853673456306751
1655 2149.1518493828893952
1656 2149.9106398581020585
1657 2151.7768851164651096
1658 2152.3902265969195469
1659 2153.0119641653864164
1660 2154.2636239523203585
1661 2154.9353458482255519
1662 2156.3947272556815733
1663 2157.8564895653530584
1664 2158.8780722910832992
1665 2159.9022860171703542
1666 2160.8530623281840235
1667 2161.6921721892094865
1668 2163.1071222857322027
1669 2164.0497203563572839
1670 2165.0114371743143238
1671 2165.5039490233757533
1672 2167.6934442547467370
1673 2168.8906158518539087
1674 2169.2638292833648848
1675 2170.7870749730159332
1676 2171.3963619264945919
1677 2172.2509628275161049
1678 2173.5282969693166706
1679 2174.7450208034765637
1680 2176.2041194662156158
1681 2176.9394516989773365
1682 2178.0042091547611562
1683 2179.2321850297471428
1684 2180.4953182592789744
1685 2181.2523670106816098
1686 2181.7257830298194676
1687 2183.3305840172797616
1688 2184.1031907606807181
1689 2185.9655283206830063
1690 2187.0856909593726414
1691 2187.7984558778280189
1692 2188.5587632030883469
1693 2189.4970729026053959
1694 2191.0933630457493564
1695 2191.7780174005079061
1696 2192.8267705398611724
1697 2194.2315300504496918
1698 2195.2316876812556075
1699 2196.7159776667585902
1700 2197.2587470402058898
1701 2198.6875126843674479
1702 2199.3029653209696335
1703 2200.3510209132632554
1704 2200.9159530255519712
1705 2203.2774537306459024
1706 2203.9063645837736658
1707 2204.9978017548301068
1708 2205.8557612455438175
1709 2207.1721619149520848
1710 2207.8027413367367444
1711 2209.1537444002633492
1712 2210.2080149892503869
1713 2210.8509410992960511
1714 2212.3435684000364745
1715 2213.7002562484362898
1716 2214.9499256320923450
1717 2215.8205656906457079
1718 2216.2963758876453539
1719 2217.4693751162253648
1720 2218.5210069133954676
1721 2219.7998156983612716
1722 2220.8521588489143141
1723 2222.6366045880972706
1724 2223.0550579188102347
1725 2223.7777725072146495
1726 2225.5646451171692206
1727 2226.3327344055755930
1728 2227.2462293765952381
1729 2227.9705738822563035
1730 2229.1279589101231977
1731 2230.8986908562173994
1732 2231.9771540740734963
1733 2232.9248538689662382
1734 2233.7202222503128723
1735 2234.8149345313267986
1736 2235.5466621355999450
1737 2236.7736438450997412
1738 2238.1547995192977396
1739 2239.1677439602367485
1740 2240.0212094704711490
1741 2241.5361865237664460
1742 2242.6211801593794917
1743 2243.3736684189620973
1744 2244.3707017004303452
1745 2245.5652865312713402
1746 2246.0165581782857771
1747 2247.3644312512292345
1748 2249.5501985735372728
1749 2249.7707665527241261
1750 2251.0466419415533892
1751 2251.8453183386932324
1752 2252.6784326738388700
1753 2254.5622469943896249
1754 2254.7590790013041442
1755 2255.8245655715368230
1756 2257.3463846831327828
1757 2258.5018472911456229
1758 2259.5178420573843141
1759 2260.8902594168002906
1760 2261.6600644494810695
1761 2262.6744306482096363
1762 2262.8783053811612263
1763 2264.6763997057701090
1764 2265.7684461154694873
1765 2267.3845010675440790
1766 2267.8791753371660889
1767 2269.2269982616094239
1768 2269.9191032168382662
1769 2271.3262824680664380
1770 2272.0490157012377495
1771 2273.3475340531645088
1772 2273.9562891459431739
1773 2275.0686647759712287
1774 2277.0793177566233680
1775 2278.0126283933054765
1776 2278.5259421557843780
1777 2279.5073058411194324
1778 2280.8707198525862623
1779 2281.3564836145465051
1780 2282.6903751376480614
1781 2284.0560114593513390
1782 2285.2222423648663607
1783 2286.1498141405641036
1784 2287.0461586710107440
1785 2288.5788494457647175
1786 2289.3362847101343505
1787 2290.2414582108558534
1788 2291.0976636121122283
1789 2291.9289012524905047
1790 2293.8961451060868058
1791 2294.6879184117142358
1792 2296.1150911883305525
1793 2296.9985224725151056
1794 2297.3726475798093816
1795 2298.6123633656602578
1796 2299.9615776200898836
1797 2301.2341257988309735
1798 2301.4548403517283077
1799 2303.2954819825731647
1800 2304.3051386703746175
1801 2305.5083567886817946
1802 2306.5177330700034872
1803 2307.3555533704779918
1804 2308.2102846347647755
1805 2309.3703582395291960
1806 2309.9311223841837091
1807 2312.0479964496107641
1808 2313.1909141707478739
1809 2313.6893599672239361
1810 2314.6211821135943865
1811 2316.0494547199887165
1812 2316.9624945048408335
1813 2317.8515318642771490
1814 2318.8260353364303228
1815 2320.0885232040272967
1816 2320.9495316286597699
1817 2322.8126326066931142
1818 2323.5342742407660808
1819 2324.5124552322581621
1820 2325.5570964917656056
1821 2325.9030159275130245
1822 2327.3768558196993581
1823 2328.6348751011687455
1824 2329.7057234064495788
1825 2331.0131102895729782
1826 2331.9427078064027228
1827 2332.9877654327751770
1828 2333.7208633737823220
1829 2335.5317125744509212
1830 2335.8671538056496502
1831 2336.6210367862386192
1832 2337.7617301588206828
1833 2339.6156838959827837
1834 2340.8267267066444219
1835 2341.3245961862153308
1836 2342.6540416584693958
1837 2343.2591589550088429
1838 2344.3112162361517221
1839 2345.5704836344739306
1840 2346.4641195297876948
1841 2347.9342546417237827
1842 2348.8434236334555862
1843 2349.7300542578377645
1844 2351.4550469278510718
1845 2352.1957015025363944
1846 2352.7508700754547135
1847 2353.9121358523530034
1848 2354.9510812350081324
1849 2355.8108139782907529
1850 2357.6083159202476054
1851 2358.9047051984157406
1852 2359.4348590764398068
1853 2360.3142850895264928
1854 2361.3425416419327121
1855 2362.7183179229214147
1856 2363.4956176541186323
1857 2364.7511760891170525
1858 2365.1915150641320906
1859 2367.2492198429595192
1860 2367.9577018231557304
1861 2369.2205777673989360
1862 2370.0933902842321004
1863 2371.1007479297218197
1864 2371.9381377946101566
1865 2372.4403472600556597
1866 2374.4442307178164810
1867 2375.5439670373721128
1868 2376.3554635155601318
1869 2377.7554079140127214
1870 2378.2129616796619302
1871 2379.7265029499658340
1872 2380.5456572187363236
1873 2381.5001237104374923
1874 2382.5308305663666033
1875 2383.3560139159808386
1876 2384.9650716411824760
1877 2386.4309371095037022
1878 2387.2990841223363532
1879 2387.8135685560778256
1880 2388.7482076354931451
1881 2389.9559881136660806
1882 2391.2605498724033168
1883 2391.7549823366225610
1884 2393.6305932916998245
1885 2394.4853678560466506
1886 2395.2701699946469489
1887 2396.6038787626162048
1888 2397.7916437617736847
1889 2398.5583113825327928
1890 2399.4338329057854935
1891 2400.1523565221314129
1892 2401.4829983757717855
1893 2403.4187984453451463
1894 2403.9753151489676384
1895 2404.9215934897702027
1896 2406.2539887182892926
1897 2406.7328511821096981
1898 2407.7159104222700989
1899 2409.4415023524193202
1900 2409.8816026828794747
1901 2411.1261933807772948
1902 2412.2229358372842398
1903 2413.9761231949833018
1904 2414.3798798012703628
1905 2415.5768934659940896
1906 2416.5340546277038811
1907 2417.2780874217723976
1908 2418.2294432673575102
1909 2419.5079171630713972
1910 2421.1429439933281174
1911 2422.1520849251096479
1912 2422.9962301234868391
1913 2423.5041468887161500
1914 2425.1247602125567937
1915 2426.1934375416681178
1916 2426.9070642937535922
1917 2427.6408969485928537
1918 2429.1855959902568429
1919 2430.2658126359442576
1920 2431.6111350962537472
1921 2432.7275692992548102
1922 2433.7058968047040253
1923 2433.9168732376842854
1924 2435.3488943646943881
1925 2436.1916003750911841
1926 2437.7940761078261858
1927 2438.6717907940442274
1928 2439.9271272186724673
1929 2440.8261602906354710
1930 2441.9298365499985266
1931 2443.0335600581852304
1932 2443.7754363961998934
1933 2445.1543810152202241
1934 2445.7449521011549223
1935 2446.3985233061102917
1936 2448.9883122860351250
1937 2449.2310320092924485
1938 2450.5036505801081148
1939 2451.1817083100845593
1940 2452.2833657412138564
1941 2453.2574858120842691
1942 2454.3005618417901132
1943 2455.4822883835258835
1944 2456.5145518412887213
1945 2457.9079990902187092
1946 2458.5467998371282192
1947 2460.0135794655061545
1948 2461.2022953745063205
1949 2461.7316286480413510
1950 2462.4642949138537915
1951 2463.5696672950161883
1952 2464.9278163612234493
1953 2466.1830970131927643
1954 2467.6408607837788622
1955 2468.1868163011154138
1956 2469.3362638924972998
1957 2469.7814850315239710
1958 2471.5392977419965064
1959 2472.3364175894821528
1960 2473.1071247346449127
1961 2474.2378497343938761
1962 2475.5393538610028372
1963 2477.0217550961046982
1964 2478.0148540248092104
1965 2478.3975975831249343
1966 2479.9773519808709352
1967 2480.4336069850919557
1968 2481.3567672803587811
1969 2482.6834115187161842
1970 2484.5032382747444899
1971 2485.0875905374200556
1972 2485.7856207123927561
1973 2487.3338364427258966
1974 2488.1138317541931428
1975 2489.2611574516372457
1976 2490.0510905157466368
1977 2491.1055164218205391
1978 2491.9074739342927387
1979 2493.4892954491233468
1980 2494.8661778282553314
1981 2495.8468404195018593
1982 2496.4853367028231332
1983 2497.6484652466019725
1984 2497.9699739667521499
1985 2499.8620428212552724
1986 2500.5643864123176172
1987 2501.5777446724337096
1988 2503.1852272120868292
1989 2504.0089336585838282
1990 2504.7721525112119707
1991 2506.3053519373074778
1992 2507.1518856476754991
1993 2507.8710395797434103
1994 2508.7660461038267385
1995 2509.6529974413792843
1996 2511.6601897871864821
1997 2512.5382209852027700
1998 2513.5795170214646532
1999 2514.2598590597735893
2000 2515.2864829247128000
2001 2516.5710491428876594
2002 2517.1469318804151953
2003 2518.5528520406905955
2004 2519.6342526402718249
2005 2520.4023235180361553
2006 2521.8851756461508558
2007 2523.2634801558720028
2008 2523.9670558191905911
2009 2524.6420457956946848
2010 2525.6879933248005727
2011 2526.8688100585927714
2012 2527.4187911606290982
2013 2529.3780434632749348
2014 2530.2736722742683924
2015 2531.5439612200648298
2016 2531.9693840815621115
2017 2533.0673170990476137
2018 2534.4086140983940822
2019 2535.5058860739659394
2020 2536.0918849208387655
2021 2536.8674852225612995
2022 2538.5598269362612882
2023 2539.9984071185913308
2024 2540.5316619367422390
2025 2541.9987291536708653
2026 2542.6876505148688921
2027 2543.3439550886064353
2028 2544.2909536566157840
2029 2545.8780177303333403
2030 2546.7611412833589384
2031 2548.1816153941085759
2032 2548.8959875750465471
2033 2549.9964844915225513
2034 2551.4111419928849500
2035 2551.8804459595990011
2036 2553.2756779955248021
2037 2553.7230692012090003
2038 2555.0508752913592616
2039 2555.8323507473032805
2040 2558.0091059428718836
2041 2558.7522113684713077
2042 2559.2342965973339233
2043 2560.2632895143888163
2044 2561.4056357475733421
2045 2562.4261133381432956
2046 2563.5017189039931509
2047 2564.3321078543335716
2048 2565.9752704782836190
2049 2566.5575578970851893
2050 2567.9585997253288951
2051 2569.0430901733529936
2052 2569.9481115969047096
2053 2570.9585256619193387
2054 2571.5407741477688432
2055 2572.3682081862075393
2056 2574.2071639500227320
2057 2575.4045119969036932
2058 2576.1410111840259560
2059 2577.5198355326024284
2060 2578.0701299250054035
2061 2578.9712983358958809
2062 2580.3461115652007720
2063 2581.3981405818926760
2064 2582.1387339313018856
2065 2583.0032945350999398
2066 2584.7584024416787543
2067 2585.7727394040116451
2068 2586.9251789571821973
2069 2587.5910009241911212
2070 2588.3682104238805550
2071 2589.5792645544338484
2072 2590.3716929259517201
2073 2591.5493784479849637
2074 2593.2758768066046287
2075 2594.0236183346864891
2076 2594.9050115524801186
2077 2595.6875301388595290
2078 2597.5461414884593978
2079 2597.9793534184232158
2080 2598.5987683196335638
2081 2600.1213550618817862
2082 2600.6419523192198540
2083 2602.4123005580549943
2084 2603.6287811184533894
2085 2604.5735648237186979
2086 2605.3680759155590749
2087 2606.2436645475190744
2088 2607.0036391142389220
2089 2608.3648996490355785
2090 2609.5520867406771686
2091 2610.4445209389155025
2092 2611.5436703814229986
2093 2612.9568070366940447
2094 2613.7319294383050874
2095 2614.7371361654008979
2096 2615.8477072682494509
2097 2616.9021182439537370
2098 2617.3350469349011291
2099 2618.2929154780222234
2100 2620.2793936944244706
2101 2621.4290552132292760
2102 2622.0486967984211333
2103 2622.9945079763019748
2104 2624.0506038545595402
2105 2624.9095017771696803
2106 2626.4605022299442680
2107 2626.7104713958065076
2108 2628.0980265238713400
2109 2629.6041395108486540
2110 2629.9948007642201446
2111 2632.0431166371126892
2112 2632.4436589491451741
2113 2633.6763999397812768
2114 2633.9665434341213768
2115 2635.2173316171797524
2116 2636.4325859950818085
2117 2637.5106833584627566
2118 2639.0625730453893993
2119 2640.0542458840272957
2120 2640.4629428289513271
2121 2641.8017447841084504
2122 2642.7557590630440245
2123 2643.9709009583452826
2124 2644.8878671434918033
2125 2645.3955672785727984
2126 2646.6899401727241639
2127 2648.5774292837641042
2128 2649.3256535517989505
2129 2650.0585444583821300
2130 2651.2273313321211390
2131 2652.1607752415397954
2132 2652.7706428269598291
2133 2653.8970697456402377
2134 2655.6157723259616432
2135 2656.2389984980172812
2136 2657.5377607583004647
2137 2658.3415576297570624
2138 2659.6583160208597292
2139 2660.6102458029531590
2140 2661.5825737582140391
2141 2662.1835734356277499
2142 2663.3939456223397428
2143 2664.2354890832439196
2144 2666.0301014794540606
2145 2666.9828490705463082
2146 2668.2918590372087237
2147 2668.6636514012930093
2148 2669.2537448881798809
2149 2670.9989985821653136
2150 2671.9183826689109083
2151 2672.6037795881466081
2152 2673.8746187111046311
2153 2675.2717591296363935
2154 2676.0664902301004986
2155 2677.2461938931996883
2156 2678.5381565216316631
2157 2679.0252815962844579
2158 2680.0390215482384519
2159 2680.8431171329234530
2160 2681.8410514560828233
2161 2683.8822755514697747
2162 2684.5291569044975404
2163 2685.3771134266321496
2164 2686.4961601511604385
2165 2687.4899398080265200
2166 2688.3850815955543112
2167 2689.4232759811379765
2168 2690.6331868560250768
2169 2691.3183828399969570
2170 2692.3687189585098167
2171 2694.1028206134419634
2172 2695.2089579689713901
2173 2695.7500492401049996
2174 2696.6953725816115366
2175 2697.8575582167591165
2176 2698.2909613213955708
2177 2699.9420275000861693
2178 2700.7312070110701825
2179 2702.4335448477372665
2180 2703.1436575111888487
2181 2703.9817142447723199
2182 2704.9557375513340958
2183 2706.5282473267566274
2184 2707.0907646463888341
2185 2708.1170692292730564
2186 2708.4765249606834914
2187 2710.3683598236061698
2188 2711.4582278641150879
2189 2712.7866873347566070
2190 2713.5252893033480177
2191 2714.3679066885188149
2192 2715.3398716314090962
2193 2716.0250490495345730
2194 2717.6657748710526903
2195 2718.3086524743525842
2196 2719.7709989781296827
2197 2720.4934749001527052
2198 2721.7987756166480722
2199 2723.0860827444757888
2200 2723.7689288498227143
2201 2724.5239244370695815
2202 2725.8829892034818840
2203 2726.4797010339630106
2204 2727.2744594319015050
2205 2729.3950416685947857
2206 2730.4928918071723274
2207 2730.7977020801868093
2208 2732.0040499135952814
2209 2732.8301235574822385
2210 2734.2007829678223061
2211 2734.9388560842089646
2212 2736.0004791070400643
2213 2736.9220484400007081
2214 2738.2664441637648451
2215 2739.5135472962015228
2216 2740.3111094212313219
2217 2741.8788524205579051
2218 2742.2541078782478507
2219 2742.9930681599275886
2220 2743.9534698100878813
2221 2745.3218318981930679
2222 2746.7147989523982687
2223 2747.5140979981842975
2224 2748.9161910664365678
2225 2749.6436497886534198
2226 2750.3140834103596717
2227 2751.8236714585273148
2228 2752.7155024938833776
2229 2753.4877964173961118
2230 2754.4586630827184308
2231 2755.4168761914861534
2232 2757.3018682143006117
2233 2758.2781033283390570
2234 2758.8586709686851464
2235 2759.8986139196586009
2236 2760.6571515401114993
2237 2762.0828801425755046
2238 2762.4445804676943226
2239 2764.0418462520892717
2240 2765.4076911464831028
2241 2766.1570355899189053
2242 2766.8872697473680091
2243 2768.6645238881392288
2244 2769.1446987960998740
2245 2770.2790936433430034
2246 2771.0173921426849120
2247 2771.8962936617276682
2248 2773.0297134242946413
2249 2774.6700107318324626
2250 2775.7257073424102600
2251 2776.6191603079264496
2252 2777.5121252025760441
2253 2778.2896952997725748
2254 2779.1275391340509486
2255 2780.7711183790715950
2256 2781.6560702275714902
2257 2781.9892396546479176
2258 2783.9436652868589590
2259 2784.7052838761219391
2260 2786.0433357386227726
2261 2786.7025663513686595
2262 2787.9320212585239460
2263 2788.7962780145112447
2264 2789.1975611210509669
2265 2790.4930807910350268
2266 2792.1133785570227701
2267 2793.3014692408719384
2268 2794.2380933352756074
2269 2794.6538246653281021
2270 2796.0347616036578984
2271 2797.1745393518976925
2272 2797.9729012296284054
2273 2798.7981401770452976
2274 2800.0674448184013272
2275 2800.9376031162350955
2276 2802.2248015363315972
2277 2803.8649551383446124
2278 2804.4189356762512944
2279 2805.2053003630644525
2280 2806.0027324166408107
2281 2807.1323183711892852
2282 2808.1535011979976844
2283 2809.2916522451928358
2284 2810.7246340825186053
2285 2811.4609922260528947
2286 2812.8619975880219499
2287 2813.2014880283009006
2288 2814.6567579805951027
2289 2815.8386539927478225
2290 2816.3379548153252472
2291 2817.4589073174192890
2292 2817.9494621609669593
2293 2820.4888420219167529
2294 2820.6608410537810414
2295 2821.8919300748711976
2296 2822.9230262170231072
2297 2823.8669920566080691
2298 2824.2818841220396280
2299 2825.8726566897507837
2300 2826.7121703749226072
2301 2828.0299739462511752
2302 2828.8515265905225533
2303 2830.0875452900158962
2304 2831.1284254371871612
2305 2832.4165508579440029
2306 2833.1380358516707929
2307 2833.6587172333083799
2308 2834.9802484625138277
2309 2835.7758477445304379
2310 2837.0144720812932064
2311 2838.8128815292716354
2312 2839.4857533950125799
2313 2840.2857549106915940
2314 2840.9206729731040468
2315 2842.3326410811005189
2316 2843.4698378845646403
2317 2844.1989869632611772
2318 2845.0254336104803770
2319 2846.3907762127269052
2320 2847.5359355297309776
2321 2848.7703085554071549
2322 2849.7970866472096532
2323 2850.4718881974354190
2324 2851.6789380362542943
2325 2852.3037265683697115
2326 2852.9262147646950325
2327 2854.8323942319311755
2328 2855.8537211929001387
2329 2856.8161335439131108
2330 2857.7361398078219281
2331 2858.8578603562514218
2332 2859.8387489541842115
2333 2860.5774364976123252
2334 2862.1202082343966140
2335 2862.5069662777627855
2336 2863.3635895521911152
2337 2864.9114267588515759
2338 2866.4932097559299109
2339 2867.1493560940880343
2340 2868.2241636630906214
2341 2868.6576291942183161
2342 2869.8434565748634668
2343 2870.9095063753807153
2344 2872.0235111135480111
2345 2872.8585551834380567
2346 2874.5691540728457767
2347 2875.2821191663665559
2348 2875.8899143403864400
2349 2877.5466491537963520
2350 2878.5270026241801133
2351 2879.1199075469789932
2352 2879.8689739369074232
2353 2880.9789947383860635
2354 2882.1536463906368226
2355 2884.0136575528399590
2356 2884.3467577901428740
2357 2885.7730554027220933
2358 2886.3088746397725117
2359 2887.2248855070606623
2360 2888.3943824561720248
2361 2889.4041680475779685
2362 2890.6426263615530843
2363 2891.2800782154549779
2364 2892.4626240166394382
2365 2894.1744487368214322
2366 2894.7465503562248159
2367 2895.6411038619712599
2368 2896.8254051682474710
2369 2897.4283005669699378
2370 2898.5413531799081284
2371 2899.1777798365483250
2372 2901.2638503619973562
2373 2902.0651024812500509
2374 2902.8557855285084770
2375 2903.9578790430368826
2376 2904.5981960219878601
2377 2906.1764175966286530
2378 2906.9233393429854004
2379 2907.6057369112108972
2380 2908.6580455197427000
2381 2910.0282334350463316
2382 2911.1429036645799897
2383 2912.3459047260557782
2384 2913.5227858666862630
2385 2914.0446110721027253
2386 2914.8027022238634345
2387 2915.6859753274552531
2388 2917.2741734414876191
2389 2917.9824167019123706
2390 2919.3217723265274799
2391 2920.6155559921412532
2392 2921.0831989372600219
2393 2922.3960845573951701
2394 2923.3909323573766414
2395 2924.3334349939527783
2396 2925.2615091193133594
2397 2926.2954362262257746
2398 2926.6240146864656708
2399 2928.7610738469984426
2400 2930.0043663719793585
2401 2930.7111686973894393
2402 2931.0691011098147101
2403 2932.8064144158329327
2404 2933.1748571620082657
2405 2934.2907178357877456
2406 2935.5524637057478685
2407 2936.5503748486016775
2408 2937.7089589815682302
2409 2938.5812203505784055
2410 2939.8475291625941281
2411 2941.2616015346870881
2412 2941.4252177563421355
2413 2942.7248858651473711
2414 2943.3536849601782706
2415 2944.3216487944832807
2416 2945.9444992858871046
2417 2946.9223948961885071
2418 2948.3742618646906521
2419 2948.8675772093947671
2420 2949.7901430257857101
2421 2950.5211083524181959
2422 2952.2838296389477364
2423 2952.8271765835120277
2424 2953.5890309937590246
2425 2954.7112752909333722
2426 2956.2587304241569655
2427 2957.2362592468425646
2428 2958.2907762541972261
2429 2959.2210142346871180
2430 2960.0336178120082877
2431 2960.8148392662201331
2432 2961.8259705753484923
2433 2962.8196363352813023
2434 2964.6339214948084191
2435 2965.3983415842908471
2436 2966.0652697456480382
2437 2967.2701904264963559
2438 2968.4053489954076213
2439 2969.4011366556987923
2440 2970.0499301109134649
2441 2971.1222381249344835
2442 2972.3088841090689129
2443 2972.8116863913578527
2444 2975.0180204127809702
2445 2975.6199571661536538
2446 2976.5262321370942118
2447 2977.5535749134701291
2448 2977.9819785126001079
2449 2979.3190422120114818
2450 2980.4873810065591897
2451 2981.3439474818101189
2452 2982.5237198959248417
2453 2983.8253332665194648
2454 2984.6391778044467173
2455 2985.5476662354212749
2456 2986.8053933832979965
2457 2987.8561515024321125
2458 2988.6346996669390137
2459 2988.8550463674450839
2460 2990.4232705736985736
2461 2992.1636686750630361
2462 2992.8688663783009360
2463 2993.9743530928481050
2464 2994.8655070467539190
2465 2995.5402669155018884
2466 2996.7365060162219379
2467 2997.6472031144426182
2468 2998.9593010980288454
2469 2999.4944929945945660
2470 3001.0233311628794581
2471 3001.7073324560210494
2472 3003.4770428527103832
2473 3004.2909759173107886
2474 3004.6623084082489186
2475 3005.7729292845078817
2476 3006.9907383646332164
2477 3007.4686992164706680
2478 3008.8821208723929885
2479 3010.5149621292443953
2480 3011.3443801805124167
2481 3012.0746947858669955
2482 3012.7884505486781563
2483 3014.4590822066820692
2484 3014.9116665027295312
2485 3016.3483941699778370
2486 3016.7000608126290899
2487 3017.7834401915929448
2488 3019.4617757803657696
2489 3020.4876338969393146
2490 3021.4204006925110662
2491 3022.4474837931261391
2492 3023.3385090679407767
2493 3023.9309960739024064
2494 3024.7939638712177839
2495 3026.5108269078455123
2496 3027.2995228073414182
2497 3028.4015225286307214
2498 3029.4993883696811281
2499 3030.5945296509821674
2500 3031.2892174680614517
2501 3032.7560293602246020
2502 3033.2181239729534354
2503 3034.3609071923269767
2504 3035.0741039475378784
2505 3036.1331132382078977
2506 3037.9803835904685911
2507 3039.0336510442102735
2508 3039.5216015715723188
2509 3040.5004275646597307
2510 3041.2568035495000913
2511 3042.6530498541314955
2512 3043.6705416217700986
2513 3044.0551279819142110
2514 3046.0500302248760818
2515 3046.4545042192885376
2516 3047.7088176408897198
2517 3048.9226324904047942
2518 3050.0196767572119825
2519 3050.8012333157207649
2520 3051.3423833414803994
2521 3052.4768485242611860
2522 3053.3482659369519752
2523 3054.9865208665364662
2524 3056.2429233097304859
2525 3056.7651381129649053
2526 3058.0137030097016577
2527 3058.9014946931642953
2528 3059.4378617581128310
2529 3061.0627001175907935
2530 3061.8375844452675665
2531 3062.7268731646399829
2532 3063.4350864850184735
2533 3065.2865555852972648
2534 3066.3202504040964413
2535 3067.0713202411761813
2536 3068.0135013417952905
2537 3068.9842661855263941
2538 3069.7829047797677049
2539 3070.5426215498082456
2540 3072.0009933779156199
2541 3073.1852377799427813
2542 3074.5234942852102904
2543 3075.0338728774108858
2544 3075.8334792424639090
2545 3077.4274733068123169
2546 3078.2862269179690884
2547 3078.8973791471348704
2548 3079.8713946428138115
2549 3080.8563823419726759
2550 3082.1631637590717219
2551 3083.3613579904317703
2552 3084.8384515042935163
2553 3085.3772689936340612
2554 3085.9655222593105464
2555 3087.0188153586454973
2556 3088.0834370420393498
2557 3089.2223089445178630
2558 3090.2821949029348616
2559 3091.1544696984933580
2560 3092.6876670400270086
2561 3093.1854457175240896
2562 3094.8330684301163274
2563 3095.1320312394536813
2564 3096.5154855129362659
2565 3097.3426065309913611
2566 3098.0383549729644983
2567 3098.7580898488131425
2568 3101.0793730865793805
2569 3101.6573707901447960
2570 3102.4360891227183856
2571 3103.5899160595886315
2572 3104.3625463416337880
2573 3105.3914023698575875
2574 3106.3963526460556750
2575 3107.4842558570230722
2576 3108.3035962662061138
2577 3109.5330997903565731
2578 3110.5572003803258667
2579 3111.9207277140903898
2580 3112.8407378593733483
2581 3113.7552136694866931
2582 3114.4734162035720146
2583 3115.0026724135450422
2584 3116.7204508159015859
2585 3117.2697233868993862
2586 3118.9550136661241595
2587 3119.9575566043386061
2588 3120.9862149756772851
2589 3121.3372197629259972
2590 3122.6101288753475274
2591 3124.1502251643300951
2592 3124.5259226457687873
2593 3125.3744414721099929
2594 3126.4501164348198472
2595 3127.6930123734427980
2596 3129.4686126097481065
2597 3129.7962055054208577
2598 3130.8776637297737580
2599 3131.8610902163018181
2600 3132.6983313662376531
2601 3133.3988838229806788
2602 3134.6354459012577536
2603 3136.0155607520418926
2604 3137.1751726669313030
2605 3137.6134952120228263
2606 3139.0495084984654568
2607 3140.1384941410524334
2608 3141.0011748282404369
2609 3141.7480325428837205
2610 3142.9794567280387128
2611 3143.5674991835780929
2612 3144.4904881455131544
2613 3146.2835283759445701
2614 3147.3446066255305595
2615 3148.3790418704679723
2616 3148.8612287838063821
2617 3149.7717386989907027
2618 3150.8246527223636804
2619 3152.1510594657365800
2620 3152.9945599956436126
2621 3153.5969765295340039
2622 3155.3121082176699019
2623 3156.3003579495707527
2624 3156.9057614544467469
2625 3158.5782877079359423
2626 3159.2652046599114328
2627 3159.8040975790868288
2628 3161.0619125777552654
2629 3161.4024352078922675
2630 3163.3119595578273220
2631 3164.3505313209298038
2632 3165.5405978938292719
2633 3166.1395867135993285
2634 3167.1210947572812984
2635 3168.1975157138954273
2636 3169.1797646078566686
2637 3170.0141315656260304
2638 3171.3439580690619550
2639 3171.8377743460678175
2640 3173.0116339172782318
2641 3174.8153859763860964
2642 3175.5287227436951980
2643 3176.4803435164626535
2644 3176.9156360092129034
2645 3178.3717050050008766
2646 3178.9025955360466469
2647 3180.0112133728939625
2648 3181.3285017132061512
2649 3182.8394469202712571
2650 3183.2056733459266979
2651 3184.4514999603325123
2652 3185.2143445801116286
2653 3186.5458694295371060
2654 3187.6461627083722306
2655 3188.0554823294460220
2656 3188.8774607149557596
2657 3190.1686619621527825
2658 3191.7062563627746385
2659 3192.6817916178870291
2660 3193.5572084724544766
2661 3194.7867073785582761
2662 3195.3266999292104629
2663 3195.7938956338930439
2664 3197.5471656565941885
2665 3198.4301257678175716
2666 3199.2489771142463724
2667 3200.6632702307456384
2668 3201.4248663611974735
2669 3202.7782865007357032
2670 3203.6308911526252814
2671 3204.5574101878423789
2672 3205.4975805633421260
2673 3206.2288933038298637
2674 3207.2700623574305610
2675 3208.0861338919180525
2676 3210.3524205397666265
2677 3210.6703882992019317
2678 3211.6188325229350085
2679 3212.3192273429317538
2680 3213.6064987981721970
2681 3214.6675624880945179
2682 3215.3252989037355292
2683 3216.4915246923710583
2684 3217.4308047782901667
2685 3218.6599837440257943
2686 3219.6391713055854780
2687 3221.1983416829693851
2688 3221.6094763010974020
2689 3222.8138408229024208
2690 3223.3725663752557011
2691 3224.2137065196388903
2692 3225.3667159649339737
2693 3227.0441023745152052
2694 3227.5251495154952863
2695 3229.0163116299536341
2696 3229.9810669604994473
2697 3230.3366367321696089
2698 3231.7413479182564515
2699 3232.7387131248083278
2700 3233.9133606030341070
2701 3234.3065912449201278
2702 3235.1546171823665645
2703 3237.0875795317087977
2704 3237.9982363267126857
2705 3239.0904345626900067
2706 3239.7673140752394829
2707 3240.6057472779566524
2708 3241.5953129380386599
2709 3242.5683075823653780
2710 3243.5016527112798030
2711 3244.8841570911345116
2712 3246.0401578162395708
2713 3246.8416761619596400
2714 3247.5705035338364723
2715 3249.3080857474346885
2716 3249.9064463184445231
2717 3250.6133242674050052
2718 3251.5106377440174583
2719 3252.7239909072704904
2720 3253.3690172441083632
2721 3255.1420765925486194
2722 3256.3466128179575207
2723 3256.9419432047370719
2724 3257.8313400128254216
2725 3258.7067142754549423
2726 3259.5397306860395474
2727 3261.1921244205041148
2728 3261.5353126021832395
2729 3262.7189686945284848
2730 3263.7849404891262566
2731 3265.1987716006506162
2732 3266.1537864199358410
2733 3266.8039544796474729
2734 3268.1885178555671700
2735 3268.9094085887168148
2736 3269.5167853602479227
2737 3270.3108034578272054
2738 3272.0193976107811977
2739 3273.3630329652701221
2740 3274.0599530117247014
2741 3274.8635676379726647
2742 3276.1241549849219155
2743 3276.6945546812153225
2744 3278.0594782890384522
2745 3278.9861937320238212
2746 3279.4895096396348890
2747 3280.9764187137211593
2748 3281.7066908206215885
2749 3283.2391243001143266
2750 3284.4998631324388043
2751 3285.2028287516909586
2752 3285.6822597104610395
2753 3286.7185403422945456
2754 3287.7730919926666502
2755 3288.9369728453270909
2756 3289.7243065361763001
2757 3291.3857259284336578
2758 3292.2226420492847865
2759 3292.8567160975544539
2760 3293.9758692455852724
2761 3295.2666632327272964
2762 3296.0217547646720959
2763 3296.8731421626953306
2764 3297.8368423105994225
2765 3298.3578786215634864
2766 3300.4505761922505371
2767 3301.4137763043677296
2768 3302.0170976656045241
2769 3303.3172618416974728
2770 3303.8137192057597531
2771 3305.0761772408341130
2772 3305.4720886985301149
2773 3307.2217116024762618
2774 3308.0454022233188880
2775 3308.8328775129693895
2776 3310.2357067738430487
2777 3311.1553061182730744
2778 3312.3494594505104942
2779 3313.1998766727256225
2780 3313.8426622731572024
2781 3315.0150138279800558
2782 3315.6197425409245625
2783 3316.7524534177159694
2784 3318.3874701701706726
2785 3319.4126489931591095
2786 3320.4766996820494569
2787 3320.8879414612015353
2788 3321.6635726986100963
2789 3323.4909231797919347
2790 3323.8751249140864275
2791 3324.9256841459828138
2792 3325.6916270383817391
2793 3327.3384417514721463
2794 3327.9882692081700952
2795 3329.4655839484094031
2796 3330.2904003601302065
2797 3331.2994041614883827
2798 3331.8922882437764201
2799 3332.7008985760012365
2800 3333.7813829613714915
2801 3335.0459964244760158
2802 3336.5759684292552265
2803 3337.0442118967011993
2804 3338.1504073563246493
2805 3339.2566736946173478
2806 3340.1171526974590051
2807 3340.9722636378473908
2808 3342.2115548592569212
2809 3343.0517222783391844
2810 3343.6049085095928604
2811 3344.8522558681934242
2812 3346.8484308165620860
2813 3347.3978309909552991
2814 3347.9360016107548290
2815 3349.3010279268460181
2816 3349.8562521147650841
2817 3350.8037040245681055
2818 3352.1538040966056542
2819 3352.8453645426393450
2820 3354.2782312803897184
2821 3355.4836803059920385
2822 3355.8805781833220863
2823 3357.1981541183363333
2824 3358.4026996234206308
2825 3359.3592830672364471
2826 3359.8524043812931268
2827 3360.5841532983172328
2828 3361.8875886211212674
2829 3363.2338783488507943
2830 3364.3557635538622890
2831 3365.6009574685613188
2832 3366.1208838107531847
2833 3367.0555425396187275
2834 3367.7694438682192413
2835 3369.1837285548049294
2836 3370.0616517465350626
2837 3370.9975361427182179
2838 3371.9224456005404136
2839 3373.1601409252257326
2840 3374.4274719900463424
2841 3375.3799557563088456
2842 3376.2983860441954675
2843 3376.8209708484428120
2844 3378.2589569626452430
2845 3378.7806084948688294
2846 3379.4601926680861652
2847 3381.6346474470983594
2848 3382.2967149216019607
2849 3383.3484895758347193
2850 3383.8712124151015814
2851 3385.1773108279107873
2852 3386.1662957504195219
2853 3387.1495644593464931
2854 3387.8087777854047999
2855 3389.0918801565990179
2856 3389.6488790408798195
2857 3391.4812337318844584
2858 3392.1475726307744480
2859 3393.6517858931342744
2860 3394.1376663513938183
2861 3394.9911063107092559
2862 3395.6148509384011049
2863 3396.8900663110075584
2864 3398.2716771891991812
2865 3398.8411972199060074
2866 3400.3224765485538228
2867 3401.3874506971624214
2868 3402.0004414149393597
2869 3403.0088648201844990
2870 3404.3627615728692035
2871 3405.1329186951206793
2872 3405.8099428048221853
2873 3406.6794828119595877
2874 3407.7283142895221317
2875 3409.5787368524706835
2876 3410.4245652119061560
2877 3411.2236334972776604
2878 3411.8558302759765866
2879 3413.2190360053468794
2880 3413.7108194766501583
2881 3415.0064152978047787
2882 3415.8066235728897482
2883 3417.2017255275718526
2884 3418.1948427088536846
2885 3418.7442466751504071
2886 3420.5405829873275252
2887 3421.3075373182355179
2888 3421.8824204076704518
2889 3423.1285941923283644
2890 3423.6113946712735014
2891 3424.7289898633839584
2892 3425.8309177359392379
2893 3427.4318110056997284
2894 3428.3450146487552956
2895 3429.0771614591290017
2896 3430.1588095293259357
2897 3430.6116186801737058
2898 3432.0263665318684616
2899 3433.3063311603059446
2900 3433.7697101636790649
2901 3434.4329301812690574
2902 3436.1836075697092383
2903 3437.2191616069053453
2904 3438.2126161543251328
2905 3439.1124301541708519
2906 3440.2292995885572964
2907 3440.8440257705437944
2908 3441.4679776700713774
2909 3442.6833924454390399
2910 3444.0365707017376735
2911 3445.2774324687293301
2912 3446.0153861582980426
2913 3447.1589254206232908
2914 3447.7005176050056434
2915 3449.4970027154663512
2916 3449.6850010644802751
2917 3450.7234875925250890
2918 3451.9406694275326117
2919 3452.5698167716655007
2920 3453.6778939184232513
2921 3455.4887994347882341
2922 3456.2586145592895264
2923 3457.1841728945846626
2924 3457.5735988578403521
2925 3458.6654106247842719
2926 3460.0460640189494370
2927 3460.4842304690532728
2928 3461.9159711984939349
2929 3462.8967324018362888
2930 3464.0838321603146142
2931 3464.9776952524271110
2932 3465.8271557271273196
2933 3467.2044039862635145
2934 3467.9094710782169386
2935 3468.7755513668130334
2936 3469.5519131326332172
2937 3470.2141089614488010
2938 3472.2490182213159642
2939 3473.1687633951355565
2940 3473.8148820200190130
2941 3475.2191067327507881
2942 3475.7177928194309970
2943 3476.5199317708074886
2944 3477.7001902846723169
2945 3479.0498301792140410
2946 3479.4659653126982448
2947 3480.6829159506114593
2948 3481.7763966943216474
2949 3483.0578568013834229
2950 3484.1593880462337438
2951 3484.8845853528919179
2952 3485.6914977282140171
2953 3486.5343396694574949
2954 3487.5394778427662459
2955 3488.4557766222542341
2956 3489.6651233162733661
2957 3491.5505613682357762
2958 3491.8110999653354156
2959 3492.4144355804182851
2960 3493.7206130827230481
2961 3494.8164084815371098
2962 3495.9889319675821753
2963 3496.3503613637685703
2964 3497.3729605422804525
2965 3498.5761365390139872
2966 3499.6865538211295643
2967 3501.1459195904621993
2968 3501.8970952328913882
2969 3502.7758679485727953
2970 3503.6362157915109492
2971 3504.5889277749411121
2972 3504.9926271950498631
2973 3506.8607789870029592
2974 3507.5452737973323565
2975 3508.7725008669581257
2976 3509.6364080382722932
2977 3510.8450836445713321
2978 3511.7310911128265616
2979 3512.4735868428933827
2980 3513.8775738737967913
2981 3514.3667522439404820
2982 3515.4168088496412565
2983 3515.9018144988949643
2984 3518.0264452394003456
2985 3518.8684092085559314
2986 3519.8701867402301104
2987 3520.4916659655459625
2988 3521.3650409026827219
2989 3522.3822128938413698
2990 3523.6358357235085350
2991 3524.2152207375811486
2992 3525.3865666370365943
2993 3526.6702567113270561
2994 3527.6152070509992882
2995 3528.3518245828067847
2996 3529.9557443459507340
2997 3530.8350467977120388
2998 3531.2010239635260405
2999 3532.0385088474990880
3000 3533.3282433958197544
